0.022 1.891297789336801
0.927 1.9060336906584991
1.624 1.9028163265306124
2.321 1.9042205206738132
3.032 1.8728600682593857
4.93 1.650389904712851
7.920999999999999 2.48171291538198
10.422 2.1820720164609053
13.418 2.513877671333825
16.209 3.688750756811302
18.82 2.4410883116883113
21.518 2.802376479572356
24.214 3.0311356542617047
27.003 3.031675319926874
29.814 2.7342129783693845
32.317 2.6105903145987983
35.217 2.6109358541525993
37.717 2.6488642990654205
40.515 2.6569145931405513
43.122 2.505639268080163
45.622 2.1053004773577606
48.526 2.1599990075672997
51.403999999999996 2.4949123711340206
54.120999999999995 2.216608557844691
56.81699999999999 2.6056612259702576
59.617000000000004 2.857839116719243
62.233999999999995 3.1297797752808987
65.116 3.1314279814145585
68.113 2.753008544252781
70.917 2.5460470588235293
73.818 2.570012769838857
76.527 2.6229302396580674
79.128 2.152780784432958
82.022 2.2550046283691803
84.816 2.6930603674540685
87.419 2.592357020254034
90.418 2.6714136509390745
93.217 3.1169348277293483
96.208 3.600455671124319
98.81700000000001 2.573320428620809
101.31899999999999 2.507869164436515
104.12200000000001 2.322158915758703
106.72200000000001 2.4148637602179837
109.714 2.3901153374233126
112.52199999999999 2.8383100258971514
115.321 2.973698713096139
118.011 2.6700843712334272
120.62100000000001 2.611245661396066
123.31800000000001 3.3177285318559555
