0.012 3.63602
0.515 3.5893363329583803
1.516 3.5863983656792646
3.516 3.5753911065149953
6.417 3.7685425463851567
9.109 4.25528818061089
11.709 4.008920863309353
14.611 3.925912077741786
17.309 3.93010599078341
19.112 3.9264790547798065
21.011 3.924087682672234
23.203 3.9170041918956686
26.111 3.8796540825285337
28.713 3.589628870045356
31.411 4.531975141242937
34.015 3.501395689304595
37.013 3.82571261487051
39.912 3.3151098591549295
42.91 3.91489819303658
45.51 3.3476585176561895
48.403000000000006 3.5605900065459304
51.111000000000004 3.7196650288399913
53.913 3.673428689541133
56.812 3.4792765957446807
59.617000000000004 3.273025257249766
62.516999999999996 3.255831087151842
65.315 3.2562540642722113
68.016 3.354853982300885
70.908 3.5326300499319108
73.714 3.5355471014492754
76.512 3.502472180451128
79.111 3.3083292894280762
82.014 3.3101898083216454
84.904 3.368292801952013
87.411 3.5287262996941893
90.216 3.568043270230913
93.113 3.7578292145828236
95.809 3.767485964912281
98.41300000000001 3.779269426610582
101.00800000000001 4.1064243004066014
103.80699999999999 4.702516866462225
106.50800000000001 4.388892014063284
109.303 4.2195933383047475
111.91399999999999 3.637872131147541
114.41399999999999 3.7835744491431114
117.00999999999999 4.195155929038282
119.90899999999999 3.4856965118862475
122.51499999999999 3.194385028719659
125.017 2.809028655400441
