0.023 2.0369859943977593
0.82 2.060662251655629
1.523 2.060508287292818
2.119 2.051907590759076
2.821 2.0494294670846394
3.53 1.7710298818624044
5.03 2.2602558502340093
7.811 3.5246763606148734
10.809 4.037079289940828
12.616 3.5546104055714873
15.145 3.979898374914168
18.11 3.9951581947743464
20.911 4.535720810880164
23.411 4.1587863833676035
25.915 3.409093072673183
28.715000000000003 3.5844845961698586
31.606 4.255927509293681
34.205 2.939535414808207
36.915 3.5347807401512137
39.514 4.9086293029871975
42.11 3.837766698024459
44.914 4.334516305700772
47.509 4.3569620004903165
50.208 4.1367568934986085
52.711 4.132841956059532
55.507999999999996 4.55185081081081
58.501000000000005 4.289324977618621
61.009 3.9137643264698587
63.617999999999995 3.1150879241152865
66.212 3.0718807665010646
68.917 3.3689804703068953
71.513 3.464439201451906
74.309 4.187164991129509
77.111 4.1948607198748045
80.011 3.669707016497714
82.8 4.5676655126498
85.612 4.233254685777288
88.31200000000001 3.786584968040555
90.91499999999999 3.522690879075526
93.814 3.333131430790138
96.51400000000001 3.4923246376811594
99.40899999999999 4.32267326242889
102.01400000000001 3.376849811020489
104.61500000000001 3.728126834997064
107.12299999999999 2.5624422177688713
109.72200000000001 2.77321284857042
112.614 3.7932876712328767
115.41499999999999 3.7868903803131992
118.311 3.185021938350458
