0.01 4.096923943661972
0.414 4.04425855513308
1.311 4.049777777777778
2.11 4.051443708609272
2.908 4.054788177339901
3.81 4.043194952681388
5.512 4.031833683718757
8.41 4.359118724720438
11.21 4.624227221597301
13.809000000000001 4.008687456687457
16.711 3.565342628665163
19.214 3.373368632170076
21.811999999999998 4.287097744360903
24.506999999999998 4.717027209121534
27.101 4.547390022675737
29.709000000000003 4.685677278911565
32.508 4.981645906989393
35.308 2.989132075471698
37.916 2.5943060747663553
40.815 3.2895771210676834
43.611999999999995 3.4325166175851916
46.41 3.972564909879078
48.911 4.235473784556721
51.900000000000006 4.437611940298508
54.709999999999994 3.613782276389176
57.614000000000004 3.5233252309188137
60.212 3.529790673575129
62.712999999999994 3.5434258373205743
65.418 3.4581318528799443
68.408 3.3468238932920937
71.115 3.4409818847954408
74.114 3.5894748276582407
76.704 4.094508759635599
79.609 4.470695992179864
82.311 3.859982437800544
85.213 4.169077297034516
87.91 4.6554252803879965
90.809 4.769499167129373
93.50899999999999 4.892794496990542
96.11000000000001 4.508655462184874
99.00800000000001 4.43193063583815
101.601 4.741336950623983
104.40899999999999 4.791257126728762
107.00800000000001 4.979752033660589
109.61000000000001 4.823950056753689
112.209 4.681439958322479
115.10900000000001 4.8023018059381695
117.90799999999999 4.870083615819209
120.50899999999999 4.072892045454545
