0.017 2.4361943048576213
0.724 2.4597628458498026
1.319 2.459024175824176
1.819 2.462289108910891
2.419 2.401522975929978
3.924 2.408291619691845
6.613 4.132413006274957
8.407 2.036949819927971
11.116 3.8677233560090705
13.905 2.563500701262272
16.822 1.803010071942446
19.617 1.1605667299177735
22.512 3.0299232000000003
25.305 2.3141590845660063
28.012 3.637547315993359
30.909999999999997 3.634527559055118
33.509 3.334882276843467
36.467 0.6937595688239505
39.381 0.642146843459331
42.081999999999994 0.6952794571252314
44.873999999999995 0.7094308211473566
47.772000000000006 0.7132745762711864
50.67 0.7425911664779162
53.56100000000001 0.7618836565096953
56.263999999999996 0.6260543596434007
58.998999999999995 0.6981049519586106
61.863 0.7207568103021298
64.635 0.7300821018062398
67.471 0.6209398686205154
70.088 0.6139196704428425
72.699 0.7286407322654462
75.258 0.7323521609878803
77.762 0.7068017200191113
80.571 0.44277999731867546
83.279 0.29135337124289196
85.995 0.28160070438036544
88.91300000000001 0.4987588820464235
91.66900000000001 0.7811716535433071
94.239 0.6556793760831889
97.05099999999999 0.36321208599651367
99.80600000000001 0.493021241149521
102.406 0.48825641025641026
105.208 0.49370165745856354
107.71100000000001 0.5724651162790698
110.274 0.6258548009367682
113.084 0.6571614518147685
115.977 0.6769671641791044
118.477 0.6282281167108754
121.083 0.6706950540452015
