0.01 4.096923943661972
0.562 4.080786885245901
0.912 4.02647247706422
2.71 4.024909973045822
4.608 4.031340748230536
6.707 4.02289014438167
8.41 3.9650355774493704
10.31 3.860382638010957
13.11 3.814370679656692
16.01 3.84866001330672
18.609 3.911850618672666
21.11 3.8174344076259645
23.612000000000002 3.851755066463282
26.310000000000002 3.877930975713677
29.11 3.8704926417370324
32.001 3.842861861191698
34.612 3.7420862104187944
37.61 3.7599488817891373
40.111 3.781568326947637
42.91 3.8316304685765044
45.510999999999996 3.8486283018867926
48.309 3.8589875886524823
50.91 3.8413730158730157
53.510999999999996 3.906927374301676
56.41 3.908491838955386
59.309 3.8305919661733614
61.81 3.8143454384410984
64.61 3.8931810012836974
67.213 3.8600614828209765
70.21 3.842237017310253
72.81 3.856191605839416
75.311 3.8192522782840634
77.909 3.857524647887324
80.512 3.744185018419975
83.012 3.6264576703987426
85.715 3.5829504909128893
88.30199999999999 3.7940335968379446
90.90899999999999 3.9000535754824064
93.412 3.7826191003766896
96.012 3.8426499552372424
98.612 3.8705663148233134
101.112 3.856259488084731
103.713 3.837121157323689
106.71000000000001 3.7595967810249893
109.51499999999999 3.853037171350861
112.202 3.8401811965811965
115.013 3.6460887752730655
117.91300000000001 3.2309025487256373
120.82 2.833116499112951
