0.017 2.361051948051948
0.72 2.3935384615384616
1.317 2.3805446808510635
1.922 2.3439386973180074
3.314 2.382408104196816
4.818 2.6546683673469387
6.516 2.809976726144298
9.209 5.116945717732207
10.907 3.958534424650939
13.611 3.58397521685254
16.51 3.062916329047032
19.317 2.5044097677188804
22.118000000000002 2.3150889325474786
25.008000000000003 2.9327829333333333
27.909 4.328205457463884
30.609 4.298910420475321
33.502 3.648906772908367
36.113 3.20484263761914
38.809 3.0897057391304346
41.616 3.043540659728347
44.415000000000006 3.904122605363985
47.31 3.986357850808555
50.309 3.9980423335054205
52.809 4.063767395626242
55.409000000000006 3.5783023113111065
58.101 3.362988817891374
60.712 2.8668218399401644
63.516000000000005 2.9367803425167534
66.513 3.672454193548387
69.213 4.1913100671140935
71.809 3.2858200194363456
74.508 4.763741613529249
77.208 4.503749229188078
79.711 4.258400372439479
82.3 3.6009939535790907
85.01599999999999 3.0721089020240013
87.715 4.0868142629058015
90.507 4.669675455286763
93.30799999999999 4.714432477216239
96.00999999999999 4.369804021379486
98.511 3.6974853134590093
101.113 2.5742477537192516
104.01400000000001 3.294628252788104
106.708 3.296013536379019
109.61600000000001 3.3255101863892502
112.511 3.4793948988566403
115.01499999999999 3.4922963741460853
118.00999999999999 3.224266666666667
120.71199999999999 3.133289731850883
