0.02 2.1419852724594994
0.828 2.1721465968586386
1.523 2.172535922330097
2.124 1.949910681640115
5.03 1.6079838677152651
7.6259999999999994 1.6868818110028956
10.524 1.7347030651340998
13.327000000000002 1.749256907216495
16.229 1.7813808674985145
19.028 1.8007119741100324
21.722 1.7813500784929357
24.428 1.7397058507783145
26.928 1.7129823609226593
29.927999999999997 1.685291056910569
32.428 1.780831211053915
35.233 1.5373355537052458
38.126 1.6260706476030278
40.927 1.425983497685651
43.529 1.7263849683198602
46.227 1.6331580110497237
49.012 1.6684987134502924
51.928 1.5903950052029137
54.82899999999999 1.3112441584828987
57.413 0.6225209186398434
60.226 1.6558984485190409
63.03 1.6732391304347825
65.831 1.6707324913892079
68.824 1.6604843049327354
71.735 1.392681739130435
74.634 1.469754128440367
77.423 1.8330094438614901
80.328 1.6466732801380204
83.029 1.6132367281840967
86.028 1.6542105052925904
88.63 1.7072479201331114
91.526 1.7480407407407408
94.42599999999999 1.8049198390591148
97.22800000000001 1.6612159292035398
100.017 1.5255655823714585
102.832 1.5789217391304349
105.637 1.7290030211480363
108.227 1.6276379515680826
110.828 1.5237567160971417
113.53299999999999 1.5404855674179518
116.231 1.6288645435244162
119.029 1.6691123858083705
121.82900000000001 1.5553100865902176
124.41300000000001 1.6734948096885813
127.02799999999999 1.7006744763933261
