0.06 0.9311190781049936
1.752 0.9316167664670659
3.244 0.93471679197995
4.545 0.9363373493975904
5.951 0.9253616418966737
7.455 0.9354740740740741
8.665 1.7798965299684542
10.327 1.848746132054914
13.035 1.4935779334500876
15.724 1.940829307140961
18.621 2.133527809307605
21.218 2.166299881936246
23.724 1.7673373775081662
26.621000000000002 2.486992201559688
29.518 2.441696879643388
32.502 2.4222236798950476
35.132 1.4744693994280267
37.93 2.173531288343558
40.814 1.5643761631360125
43.438 2.3065043695380774
46.218 2.3158545454545454
48.919 1.7616062701705855
51.842 1.2915623749166112
54.43000000000001 0.6577071381548011
57.31399999999999 1.1844695795548228
59.946 1.058902837489252
62.745999999999995 1.046159597411934
65.74 1.0739613526570049
68.62 2.311088023088023
71.12 1.961429145728643
73.725 1.2482015005359057
76.439 0.9648248673237302
78.95 1.259202560910546
81.617 2.635830806065443
84.419 1.970342774843975
87.225 1.6480872981230903
89.935 1.8601901116427433
92.618 2.764615611192931
95.41900000000001 1.922083553675304
98.33699999999999 1.3609901279707497
100.93100000000001 1.5948908499767764
103.82300000000001 1.5736019957781615
106.80600000000001 2.188283950617284
109.62100000000001 1.8861718712176228
112.314 1.2891870273903545
114.816 2.908741947426879
117.61600000000001 3.2657690417690417
120.21199999999999 1.6834808552958727
122.846 1.2125537838521894
