0.132 0.32934963768115944
2.7670000000000003 0.33766684753119913
5.566000000000001 0.740473858371939
8.16 0.7195925925925926
11.075 0.7075411255411256
14.06 0.7025813630041724
15.672 0.6983826879271071
17.569 0.7713765945646145
19.476 0.6981354950781703
21.405 0.5491693472090823
23.912 0.602635956493922
26.779 0.39629719222462206
29.494999999999997 0.5790040522287258
32.389 0.4705292770690219
35.136 0.4503247588424437
37.784 0.5286688963210702
40.491 0.6582981651376146
43.029 0.6913123262279889
45.980999999999995 0.648564705882353
48.673 0.641743824336688
51.333 0.6573048462741011
53.875 0.5842184173993521
56.68600000000001 0.5640498924731182
59.681 0.6814554455445544
62.47 0.7105686080947681
65.15 0.8642356308132602
67.687 0.6228065659122135
70.207 0.503533408833522
73.029 1.5170864197530864
75.61 1.5187668789808917
78.529 1.510033573141487
81.427 1.629809669211196
84.024 1.2529633693151654
86.75 0.7777501813433919
89.72800000000001 0.8400826936853956
92.674 0.7390595031773541
95.548 1.1260748663101603
98.53800000000001 1.1260930760499432
101.03899999999999 0.9775891472868217
103.923 0.6113928012519562
106.644 1.0108830059777967
109.44900000000001 0.8869780853517878
112.227 0.33538505203405866
115.007 0.49909341057204926
117.88900000000001 0.5700511945392492
120.868 0.7259138321995465
123.76599999999999 0.5578377281947262
126.39599999999999 0.5274877505567929
129.076 0.46931744212697685
