0.015 3.030016666666667
0.615 3.0357073170731708
1.113 2.9951931696905016
2.114 2.9929941291585127
3.212 2.998622950819672
4.413 2.982067938576082
6.613 2.6949851190476193
9.423 1.9017924232234924
12.011 3.128227418615314
14.809000000000001 3.180123531970422
17.715 3.211683895771038
20.609 3.719931069437405
23.111 3.9604983195160206
26.108 4.0505135736537605
28.709000000000003 4.006791208791209
31.311 3.8644219030520643
34.309 3.8074229889835793
37.21 3.5755416666666666
39.913 3.57965101752972
42.91 3.5900607573866
45.501 3.7590840820087537
48.412000000000006 3.8326550737398195
51.012 3.685617586063874
53.914 4.652233285917497
56.507000000000005 4.724364029165541
59.31100000000001 3.720311022752375
61.913 3.719135261013002
64.611 4.427837215829357
67.208 4.236395931530637
70.004 3.0740625
72.709 3.3709958125623127
75.308 4.035419445749178
78.112 3.254473078351281
80.615 3.0206535375638217
83.411 2.7162303110522834
86.014 2.7183354931605472
88.91399999999999 2.711155741515574
91.61099999999999 2.6951529073941134
94.51499999999999 2.697335807050093
97.315 2.6983022834360275
100.112 4.407958921694481
102.708 4.533480674448768
105.606 5.175434146341463
108.507 5.866760079312624
111.10400000000001 4.4143339392365615
114.011 3.912921402133682
116.71000000000001 3.9479416205334674
119.311 4.35686024766237
121.811 4.3792531500572744
