0.008 7.458502564102564
0.305 7.408571428571428
0.506 7.2896
1.005 7.352980769230769
1.508 7.308883593033913
2.703 7.289066166119192
4.905 7.29513102282333
7.306 7.290639076800637
9.902 7.288897163120568
12.205 6.695064814814815
14.906 6.039658214657868
17.906 5.83002287694974
20.408 5.304833133253302
23.0 5.120396061884669
25.608 5.294782838283829
28.206 5.503312240332374
30.906999999999996 5.139593714927049
33.509 4.39479754601227
36.309 4.410577954319761
38.906 6.21983850036049
41.707 6.204632699619772
44.405 4.749523186033825
47.301 4.576885912953902
49.808 4.579277513301597
52.409 4.027237569060774
55.31699999999999 3.1849183055975794
58.214 4.732025679012346
60.818 3.0735211377362166
63.510999999999996 5.1266622635845085
66.407 5.5651301832208295
69.11 4.007002607252904
72.103 3.2685592543275632
74.916 3.3884770925961725
77.712 4.467420757020757
80.408 6.475726411785338
83.306 6.343041420118343
86.107 4.683820677035682
89.013 3.6811090636383113
91.713 3.4938518215309045
94.214 3.563503528435035
96.803 3.618950439819781
99.512 3.635649677553568
102.41300000000001 6.137174258857557
105.207 5.425677261613692
108.00999999999999 4.2960828910791005
110.512 4.58470612244898
113.50800000000001 5.0061008296107214
116.21000000000001 4.576611627289621
119.011 4.396038328861633
