0.033 1.1335993764614185
1.444 1.1450229990800367
2.638 1.1440245398773006
3.744 1.1418328741965107
4.939 1.1340294882914137
6.241 1.1454784580498865
7.253 1.1257525937749402
9.856 1.1185096901779827
12.546 1.1201221474306353
15.242999999999999 1.1535348690438625
18.132 1.310765690376569
20.933 1.203381537957042
23.643 1.1669401088929219
26.338 1.1713420195439739
29.325000000000003 1.1662941176470587
32.245 1.2227512520868113
35.238 1.2241933842239185
38.236 1.2238326497128793
41.232 1.2065451213925789
43.839 1.2030017906560313
46.539 1.204056718433491
49.041 1.122645511972969
51.944 1.1160987234042552
54.739000000000004 1.12600408997955
57.337 1.2651206896551723
60.334999999999994 1.3548617305976807
63.129000000000005 1.3500784780023782
65.73 1.1968382004735594
68.439 1.1856160877513713
71.143 1.1921942577886377
73.841 1.1923945392491466
76.836 1.1979328522121118
79.835 1.2149100892244338
82.421 1.2093357744415965
85.24100000000001 1.2085514124293786
88.035 1.230016
90.536 1.2348615384615385
93.24700000000001 1.2340102389078498
96.23599999999999 1.2243592233009708
98.839 1.213070881538211
101.537 1.1432661894456466
104.14699999999999 1.2193368029739777
106.941 1.2254008438818567
109.53999999999999 1.2060332458442695
112.243 1.213623978201635
114.934 1.2183748810656518
117.536 1.193149012567325
120.424 1.1937517630465444
123.243 1.2052327044025157
