0.023 1.8386953223767382
0.926 1.8576716417910448
1.721 1.8554825870646767
2.43 1.8229082240762813
4.227 1.826116472545757
6.128 1.8694469078179698
9.122 2.1070738801628854
11.622 1.990123387285949
14.422999999999998 2.09219993866912
17.222 2.142134192792265
20.221 2.1888069868995634
23.22 2.1830529446757883
26.117 2.2699454599940068
28.706000000000003 2.4344192601291836
31.213 2.9265574354407837
34.015 2.03959127312897
36.718 3.4068687224669603
39.615 3.5647080459770115
42.514 3.549714285714286
45.313 3.546084452975048
48.017 3.6246521545979564
50.612 3.142915523465704
53.213 4.72284028700505
56.009 5.654426002766252
59.004999999999995 4.704038720086045
61.809 4.086835234166465
64.51 4.258823111111111
67.111 4.604899007589025
69.801 4.588101020956475
72.609 4.514503259452412
75.508 4.515369658119658
78.311 4.703754722146181
81.009 4.717059203444564
83.809 4.716186646042795
86.309 4.716989269289729
88.809 4.753764966740577
91.51 4.762247441860465
94.501 4.515042312746386
97.411 4.351506500127454
100.41 4.081045875921084
103.215 3.639250916936354
105.912 3.6019307502061007
108.815 2.966175781932553
111.614 2.972675150703282
114.215 3.6637068965517243
116.91 3.6625327083757897
119.60400000000001 2.820769507371449
122.21600000000001 2.664208932158863
124.81899999999999 3.089780172413793
