0.009 5.615474903474904
0.311 5.5494260869565215
0.907 5.557417821782178
1.507 5.551433756805808
2.112 5.528138901923979
4.308 5.194983277591973
6.912 4.721083150984683
9.608 4.741556935817806
12.508 4.649067571388182
15.11 4.5945480540111205
18.008 4.5471171548117155
20.907 4.53358921832884
23.708 4.53339420364196
26.402 4.595558697298662
28.909 4.62873398730525
31.409 4.635225841184388
34.207 4.653839430894309
36.709 4.597125
39.413 4.634961648839029
42.308 4.687267590328715
45.108 4.662338285714286
47.708 4.629553842063281
50.7 4.6065443234836705
53.611000000000004 4.616770186335404
56.212999999999994 4.635484896661367
59.111000000000004 4.570379375848033
61.91 4.550024691358025
64.711 4.534746766312159
67.314 4.579488334674175
70.111 4.6267022982362365
72.91 4.6139585152838425
75.802 4.546921407779836
78.709 4.579047021943574
81.61 4.566671992011982
84.21 4.66219595959596
87.208 4.624314909679159
90.009 4.6371521739130435
92.909 4.613248120300752
95.709 4.593907427341227
98.50999999999999 4.602938337801608
101.50200000000001 4.618819277108434
104.209 4.60758449775903
107.112 4.587952432432432
109.912 4.599175129533679
112.809 4.606937669376694
115.613 4.597607572269122
118.61000000000001 4.590146284376829
121.11000000000001 4.572969761273209
123.90799999999999 4.615397987927566
