0.013 3.1277591397849465
0.517 3.143030303030303
1.015 3.151707042253521
1.416 3.092861476238625
2.514 3.097354656632173
3.618 3.2855015095605498
6.21 4.547470182046453
8.408 4.812192853091322
10.21 4.622927185830757
12.808 4.648702919903563
15.607 4.200042512077294
18.31 3.9594199623352164
21.106 4.697237310656391
23.908 4.6638503715090955
26.411 4.729714622641509
29.408 4.79929319955407
32.301 4.725880288957688
35.207 4.651636363636364
37.808 3.411908584597657
40.614 3.770505244755245
43.309 4.7867949545321204
46.307 4.184511415525114
49.019999999999996 2.500639932460954
51.712999999999994 3.3488838828588983
54.214 2.0579131866839195
56.81100000000001 3.772764185320146
59.81 3.717217091066034
62.714 3.638617876424715
65.414 3.5979583911234396
68.111 3.6548701709943003
70.914 3.7179555751044644
73.515 2.9128353958298017
76.51 3.71920050922979
79.315 3.7883802029405675
82.209 4.608661008487269
84.808 4.670910675381264
87.511 4.808468378209143
90.50200000000001 4.668406521739131
93.31 4.39067901234568
95.81 4.3312209889001005
98.41 4.162864758144126
101.013 3.584201804757998
103.51499999999999 3.2809091611905683
106.31800000000001 3.23130979250091
108.91 4.101230398069964
111.61600000000001 3.347997019374069
114.30199999999999 4.336406854615809
117.00800000000001 3.9048915062287657
119.511 3.881307614213198
