0.014 3.758160206718346
0.515 3.7602416918429005
0.914 3.7073923381770144
1.709 3.707684848484848
2.615 3.6963849964614295
4.114 3.6915115207373272
5.911 3.6772182741116755
7.917 3.45751575769013
10.811 3.102594716981132
13.713999999999999 3.366364306498545
16.412 3.7043408606732
19.212 3.30184844915587
21.915999999999997 3.7760529801324507
24.71 3.9426051548624645
27.415 3.939880157170923
30.299999999999997 3.935069469835466
33.212 3.8603818756585877
36.013 3.8289788519637464
38.911 3.9131735682819384
41.512 3.9967180912670837
44.412000000000006 3.9771347794296856
47.113 3.9572163636363635
49.613 3.9786121212121213
52.513000000000005 3.743790149892934
55.415000000000006 3.3965995271867615
58.113 3.3850910789350768
60.816 3.3935350669818756
63.414 3.396179171332587
66.312 3.540666060054595
69.116 4.114334600760456
71.912 4.124309343742376
74.61 4.185826065773448
77.31 4.188432974910395
80.11 3.9520604882263988
82.81 3.9483096663815225
85.611 3.928443426477325
88.515 3.9259325153374234
91.201 4.070063018242123
94.013 4.104582832411637
96.713 4.169247207382225
99.41399999999999 4.225432865731463
102.00899999999999 4.207166104959076
104.714 4.189393879565647
107.31299999999999 4.221834958382877
110.112 4.294997473471451
112.715 4.272954826438421
115.701 4.0105112474437625
118.214 4.011190321079572
121.11500000000001 4.155530434782609
