0.028 1.500937048503612
1.135 1.514160583941606
2.03 1.5078921832884098
2.836 1.4577444314185228
3.831 1.3677154811715482
4.841 1.383557003257329
6.742 1.6819410262363594
9.63 1.3624371286333707
12.425999999999998 2.0323693774203155
15.309999999999999 3.9055042735042735
18.244 1.491480261852807
20.821 2.116327566320646
23.416 1.437890660592255
26.244999999999997 1.3517495924356049
29.115000000000002 2.4710706766917294
31.810000000000002 3.1520956039265897
34.714 2.9051810668670175
37.414 3.0941973799126634
40.31 2.860848660391021
43.112 1.4712402946446348
45.75 1.5319656357388316
48.53 1.8217472283813747
51.327 1.8178892018779342
53.915000000000006 1.3978412952228665
56.537000000000006 1.5422516101331043
59.322 1.7569648484848486
62.031000000000006 1.5292599431818183
64.727 1.6033772138514408
67.635 1.2039579207920792
70.24 1.332620006828269
73.231 1.8220161668839634
76.135 1.363633965375103
79.012 1.695521072796935
81.825 1.7728236301369864
84.62 2.772100401606426
87.22900000000001 1.4950576123539894
89.83500000000001 1.4930097286226318
92.828 2.3619679144385026
95.61000000000001 1.950448081566944
98.439 1.5522552126772309
101.31700000000001 2.276300961219755
104.107 2.752614971466935
106.619 2.841699398797595
109.213 1.3641064425770308
112.03 2.274518825970946
115.012 1.6215711042311662
117.929 1.6029522431259045
120.625 1.3453129346314328
123.24000000000001 1.1317741554453107
