0.014 2.9621344195519352
0.618 2.9776076555023923
1.118 2.983616
1.62 2.92152817574021
2.719 2.913405918889295
5.515 2.9249036969420357
7.814 3.3568674698795182
10.012 3.3011268482490275
12.717 1.7133761928679054
15.318000000000001 3.458421948912015
18.011 3.683758941695247
20.614 3.1526735395189003
23.516 3.097739922888188
26.319 2.5915444191343964
28.912999999999997 3.6611574623459604
31.909999999999997 3.8827201803833145
34.412 4.170653916211293
37.408 3.893217391304348
40.213 2.9743525866398794
42.816 3.829929411764706
45.602000000000004 3.2708326317899377
48.212 2.3415481441635286
50.714 3.7512628571428572
53.712 4.094496487119438
56.512 4.407024390243903
59.114000000000004 4.681834625322997
61.709 5.353269273743017
64.409 4.927040599625234
67.214 4.648043549265106
70.198 5.925092402464065
72.709 6.037694285714286
75.609 6.037531974701335
78.508 6.03601652892562
81.01 6.037652805280528
83.616 6.043304746317513
86.212 6.039290140845071
89.111 6.034675049115914
91.709 6.040694796061884
94.301 6.068595805190188
97.209 5.94081660899654
100.208 5.0715357787131685
103.113 4.093831810728508
106.00999999999999 5.791683384510406
108.50999999999999 5.443979147500767
111.31200000000001 5.3441056271612695
114.11099999999999 5.061123063925654
116.715 6.512710668327107
119.40100000000001 6.5701585365853665
122.107 6.5166272727272725
