0.011 3.9096989247311824
0.414 3.926309148264984
0.812 3.9258105263157894
1.212 3.862171717171717
2.112 3.848925571112749
3.513 3.8443095380923813
5.213 3.489039822114413
8.21 4.671437021927588
11.208 4.59965090909091
13.907 3.319993877941458
16.71 4.672984681537221
19.506 4.989503411450608
22.408 4.40570887337986
25.015 4.043315859617947
27.799999999999997 4.936366769230769
30.607 4.875386183465459
33.21 3.537565083043646
36.013 4.2409513513513515
39.011 3.9470802043990223
41.61 4.454901110250452
44.11 4.049177171215881
46.711 4.714798808556728
49.510000000000005 5.182866141732283
52.20099999999999 4.301052077853761
55.108000000000004 4.375767883941972
57.709999999999994 3.5750048821906177
60.510999999999996 4.214801847371894
63.111000000000004 4.998854245880861
65.808 5.041899025686448
68.308 5.11012987012987
70.808 4.221109612983771
73.416 3.542118326118326
75.999 4.926529510961214
78.609 5.115796420581655
81.308 4.607510856001996
83.908 4.14790423216445
86.61000000000001 4.746059332509271
89.40899999999999 4.808210467394347
92.00800000000001 3.007568710359408
94.80699999999999 4.913840870062965
97.40899999999999 4.517388323513658
100.40100000000001 3.5256340528545493
102.91499999999999 4.966478642480983
105.90799999999999 4.972777591036414
108.50800000000001 4.792669861855089
111.108 4.292344877000239
113.91499999999999 3.5648988866166778
116.91 3.9935362520268702
119.80699999999999 4.751144987572494
