0.009 4.896996632996633
0.41 4.82012084592145
1.113 4.830457831325301
1.816 4.810701030927834
3.408 2.7458650137741047
5.917 2.63181273100616
8.417 2.7223299511461856
11.116 2.4163759612645968
13.714 2.5591387846961737
16.421 2.548310909724643
19.419 2.6483099682986966
22.005 2.5980261946902656
24.92 2.4991118442758165
27.52 2.5481352181929933
30.317999999999998 2.554624174115818
33.017 2.547554329078993
35.519 2.514989268292683
38.221 2.5144471256210075
41.119 2.5407279742765274
43.817 2.782394578313253
46.521 2.7061665008291875
49.121 2.3887710248319385
52.022999999999996 2.479013530478449
54.81699999999999 2.512306037793824
57.42100000000001 2.5268406612733028
60.318 2.49054295532646
62.819 2.3328255687973996
65.621 2.3347097767513474
68.319 2.3938431251922485
71.118 2.849083211678832
73.916 2.853177623519804
76.417 2.6688654316672493
79.009 2.3696439089692105
81.623 2.3671426121749075
84.22 2.3168072255151
86.825 2.2515014907573043
89.821 2.249882716049383
92.523 2.2267781731909846
95.023 2.1305158264947246
97.523 2.205812148148148
100.52199999999999 2.496401308615049
103.505 3.2232861635220122
106.11500000000001 2.466641092705609
108.62200000000001 2.49828539262595
111.32300000000001 2.5117612293144207
114.22 2.523809577306558
116.923 2.534181876918107
119.72300000000001 2.410865053838624
122.424 2.449650576676634
