0.052 0.7575041666666668
2.069 0.7635828220858896
3.861 0.7626830265848671
5.473 0.7628564417177914
7.264 0.7571140706427331
9.168 0.7636523053665911
10.669 0.851638888888889
12.239 1.1948384879725085
13.544 1.1513101586230172
16.047 0.9146883523082697
18.655 1.0024736
21.246000000000002 1.03052850322943
23.947000000000003 1.0549368334700575
26.746000000000002 1.0065836249125262
29.256 0.8196108266276518
31.784999999999997 0.7379627204030227
34.375 0.7403559887150551
36.878 0.751670617592015
39.561 1.0336500000000002
42.439 1.1059140717382736
45.04 0.9879268698060941
47.861000000000004 0.8422625371982806
50.55500000000001 0.8701357303370786
53.05500000000001 0.8536682170542635
55.959999999999994 0.8416
58.956 0.8504861878453039
61.56399999999999 0.8435988405797101
64.462 0.8418825312618415
67.251 0.8816867602532343
69.952 0.8565380732938337
72.663 0.8262305782192267
75.439 0.8218551859099804
78.06 0.8163460992907801
81.059 0.820811048336472
83.754 0.8202538593481989
86.327 0.9606340019730352
88.948 1.0419926977687626
91.55000000000001 1.0393532159540064
94.44800000000001 0.8971146488954709
97.15899999999999 0.9074373476352998
99.958 0.96986301369863
102.64099999999999 1.0367141713370698
105.541 1.0512941176470587
108.251 1.0325812734082396
111.155 0.8467625125965738
113.75399999999999 0.8290610526315789
116.655 0.8059720024345709
119.561 0.8010379343321644
122.36500000000001 0.7985997666277712
