0.014 2.673544117647059
0.617 2.6882073434125267
1.115 2.6831079136690645
1.613 2.6856501079913606
2.121 2.652202839756592
2.718 2.625343711593609
5.212 2.6237305324157916
8.012 2.6209131912264443
10.815 2.5971313285116104
13.514 2.4297454303755397
16.114 1.8582679189322786
18.726 1.7508167938931296
21.521 1.7250758369391939
24.209 1.7619277518062049
27.021 2.546705927934909
29.714 2.841616006156214
32.41 3.0327811764705883
35.01 2.531515541264737
37.918 2.3966223839854415
40.818 3.3168940754039498
43.614 1.8351533963112912
46.122 2.2299887295081966
49.016000000000005 2.6379765474246697
51.816 2.543979628955984
54.617000000000004 2.2885657852819365
57.31699999999999 2.612645998558039
60.215 2.622652862362972
63.119 2.524168123179359
66.115 2.356156221616712
69.018 2.2259731964642144
71.621 2.7983307969563476
74.405 2.9367784615384616
77.113 1.9028476216070949
79.92 2.0624083665338646
82.519 2.2581700137551586
85.219 1.4871083103584088
87.93 1.5744319654427645
90.713 2.539295231653703
93.215 2.2596580665216037
96.018 2.0323822003822003
98.90799999999999 2.194822627037392
101.619 2.0971969309462914
104.12799999999999 1.4197116539847818
106.73400000000001 2.424323584318606
109.511 3.8747232323232326
112.113 1.7635215386125012
114.91399999999999 2.162823269920044
117.72200000000001 2.0302728635682157
120.60900000000001 3.5304347826086957
