0.008 4.4072969696969695
0.415 4.365143638850889
1.212 4.3714890965732085
1.911 4.369771428571428
2.712 4.354992900054615
4.609 4.341777777777778
6.212 4.345488418932527
8.808 3.499116883116883
11.613 3.027757687350396
14.114 2.9603561924257935
17.016 2.83888587755102
19.717 2.785627028817489
22.503 3.5612637517630463
25.209000000000003 3.6176404886561953
28.110999999999997 3.4963021276595745
30.615000000000002 2.8882909659757527
33.216 2.885668656716418
36.014 3.0528703145196037
38.906 5.178023591087811
41.512 4.767568941696601
44.213 4.174516244563827
47.209 4.54496267293135
50.113 4.438573426573426
52.708 3.9441871683550414
55.414 3.3481952153110046
58.212999999999994 2.98879290150843
60.914 3.7964944532488114
63.699 3.894441866205875
66.31 3.6653599484867994
69.113 3.3808084358523725
71.813 3.5411696690406367
74.711 3.778934682208049
77.311 3.7486295979469633
80.113 4.102733348284369
83.111 5.6218928136418995
86.011 5.904159724612737
88.69800000000001 5.9946323185011705
91.30600000000001 6.7984709141274235
93.90799999999999 6.538092684795098
96.614 4.568642895156999
99.412 4.883592356687898
102.41 5.227809751720012
105.31 4.418382092660073
108.21000000000001 4.172224676850764
111.00800000000001 4.381340206185567
113.702 4.902358974358974
116.41 6.064599922690375
119.107 5.928506189821183
121.60900000000001 5.848681285058644
