0.017 2.9621344195519352
0.617 2.984748201438849
1.117 2.983616
1.622 2.92152817574021
2.718 2.9123418553688825
5.517 2.859644801427934
7.816 2.858768745067088
10.414 2.853648166834847
13.015 2.813469690721649
15.515999999999998 2.3027099212598423
18.311 3.246352331606218
21.217 3.2504092116917627
24.202 2.5359250083696017
26.839 1.9198036582542255
29.715 2.9317787689562893
32.517 2.7302624768946395
35.317 2.7356179695790592
38.22 2.7098842105263157
40.918 2.8995932756650893
43.609 3.9248935395814377
46.113 4.157499108280255
49.108 4.4440408371618165
51.616 3.51573649851632
54.212999999999994 3.5743387978142076
56.913 3.8072513601741025
59.80200000000001 4.258368647281921
62.312 3.9976437213183145
65.211 4.502392694063927
67.809 4.236395931530637
70.412 4.165813282001925
73.112 4.548168953457089
75.914 4.673053032363339
78.715 4.654432288900691
81.61 4.564393213572854
84.401 4.79166779133143
87.313 4.658224877783813
90.112 4.158745735174654
92.922 2.460222826865244
95.517 2.19533950617284
98.42699999999999 2.4994846411413594
101.422 3.217051936355449
104.314 3.4238162839248436
106.81700000000001 2.460964942728219
109.81299999999999 3.5129738503155994
112.614 3.5111908466819224
115.41300000000001 3.5973040293040293
118.21000000000001 3.925481393975192
121.011 3.920648523451071
123.81200000000001 3.9851507991660875
