0.027 1.6232232142857141
1.021 1.6376842105263159
1.826 1.6333664233576641
2.624 1.6361263157894737
3.52 1.6242683229813666
4.43 1.6129822784810126
6.13 1.6019725785050862
8.725 1.59952790346908
11.617 1.985063718359034
14.119 2.080564598747866
16.72 1.7420185356811861
19.62 1.7342684310018903
22.421 1.565689954526664
25.33 1.498036495031617
28.118000000000002 1.8396439966414777
30.819000000000003 1.8417356608478803
33.426 1.7930888012984
36.327 1.6071018371512815
39.323 1.44533821108469
41.92400000000001 1.3492861055322258
44.55200000000001 1.6285004566210046
47.525999999999996 2.1286484679665736
50.217 2.115325867249385
53.11 2.1013822115384615
56.019999999999996 1.6049615728328865
58.635000000000005 1.4715695431472082
61.623999999999995 2.0081119141991137
64.518 1.6737240618101545
67.222 2.0517753756920643
70.126 1.6886195111399525
72.822 1.8229668666840595
75.722 1.9649058157488422
78.227 1.7909636803874092
80.919 2.0513639751552795
83.623 2.0837826415094343
86.328 1.969623369848722
89.21600000000001 1.8715327342747112
91.92699999999999 1.9038275862068965
94.92099999999999 1.3057876773845878
97.643 2.0935365579302587
100.316 2.169857819905213
103.02799999999999 1.9893352741387675
105.72399999999999 2.1991439205955334
108.703 2.1973423575860123
111.32 2.1752061241848595
113.917 2.2647771692130294
116.524 2.118533630857507
119.22399999999999 2.1694841396988145
121.918 2.2737541528239205
