0.024 1.986896174863388
0.824 2.0139805825242716
1.524 2.0051182795698925
2.13 1.9683655083655083
3.719 1.9715497005988025
5.531 2.038964047088769
8.214 3.1940564373897704
11.013 3.191834462001505
13.709 3.228899195456697
15.915 3.2962596934174933
18.215 3.4066841866787496
20.511 3.7426945436002037
22.513 3.4241968229368465
25.217 4.0059436619718305
27.813000000000002 4.010797999999999
30.409 4.02898081422555
33.312 3.65181658692185
35.91 4.197731464968153
38.412 4.019413574660634
41.41 3.7787630310994307
44.202 4.145880081300813
46.71 4.040787189603156
49.614000000000004 4.059398812243034
52.61 4.454535548896758
55.31 4.488024628014366
57.81100000000001 4.376779625779625
60.711 4.269259077745601
63.312 4.420393387503503
65.91 4.278855424705587
68.702 4.2475760549558395
71.312 4.389910153206959
74.209 4.500475641697224
77.11 2.814481695568401
79.916 3.652972843450479
82.51 4.060324609632724
85.112 4.168064155528554
87.811 3.961374258447253
90.314 3.9795543201297194
92.90199999999999 4.45600626468285
95.81299999999999 4.225685454097958
98.41399999999999 3.662959391965255
101.11500000000001 3.9468310749774163
104.113 4.0514138424821
106.91300000000001 4.105646623496762
109.81299999999999 4.120116335433834
112.513 4.037755111210964
115.013 3.865267307218527
117.804 3.948716445258818
120.713 4.515458267716536
