0.012 3.224851441241685
0.516 3.24125
1.017 3.1892
2.014 3.176365524402908
3.014 3.1934898157129
4.116 3.1756511397423193
6.212 2.4539701897018973
8.719 1.948976797610843
11.629 1.7566076210092687
14.131 1.706208634772462
17.027 1.814760318609703
19.72 2.2020474047404743
22.614 3.0580573274121923
25.405 5.058957901159244
28.106 6.741587692307692
30.606 6.865974481658693
33.21 4.567958104738154
35.807 4.245322339603195
38.309 3.440985473561883
41.013 4.3835955284552846
44.009 4.1862965623396615
46.513 3.538254826254826
49.507999999999996 6.541055576002945
52.497 5.485608856088561
55.009 4.211439576311988
57.708 3.989068687825675
60.515 3.0444327243844325
63.413 3.043871117113641
66.216 2.9761087486929245
69.016 2.181592741935484
71.527 2.4625701383831027
74.514 2.363207889546351
77.232 2.945297836938436
80.207 5.183123904881101
82.906 6.031188831741367
85.806 4.157959757575758
88.511 3.504049281314168
91.013 3.147048177321854
93.52000000000001 2.437315819531696
96.309 2.4387600000000003
99.02799999999999 2.5098129496402874
101.916 3.080405709992487
104.61600000000001 3.0786105080330004
107.51499999999999 3.0809711348359037
110.11600000000001 2.982874027993779
112.81700000000001 2.9217225734473784
115.61500000000001 2.9238187417509898
118.517 2.9210353753235547
121.41900000000001 3.0302340290955088
