0.015 2.8857301587301585
0.617 2.90803738317757
1.112 2.8985906735751295
1.611 2.8984988344988345
2.116 2.8432538860103627
3.315 1.9742649414664202
6.129 1.997826806398235
8.821 2.259961640916356
11.614 2.2296287581699348
14.218 2.1302750582750583
17.209 3.8715509783728117
19.716 2.9217452229299363
22.313 2.278823104693141
24.911 1.5748588793922127
27.735999999999997 1.385841872232764
30.531999999999996 2.1413047260075384
33.515 2.671361658031088
36.513 3.6225521472392637
39.507 3.5561044104410438
42.316 2.1652622326399062
44.816 2.1667168894289186
47.719 1.9999602198377389
50.315 1.7095381898454745
52.92700000000001 2.487869085734614
55.81 3.0765773019271947
58.732 2.1926634552792605
61.525999999999996 1.2580217933569648
64.318 2.8450168855534708
67.013 2.7626496272630456
69.91 3.2663129707112972
72.41 2.983532023911187
75.004 2.982665625
77.617 2.660840285606915
80.316 2.4555683367921732
82.819 2.461303748125937
85.715 2.179375468975469
88.218 2.1440058823529413
91.02 2.067941613880474
93.722 1.96255939524838
96.52199999999999 1.9601411269088995
99.114 1.9521318931210916
101.71799999999999 2.2509031018391434
104.418 1.609543700340522
106.936 1.5953677313677312
109.91999999999999 2.4401882951653944
112.614 2.3306176208840106
115.52000000000001 2.2057218718884832
118.118 2.084655172413793
120.922 2.0856769699608186
