0.032 1.405225120772947
1.127 1.4143636363636363
2.128 1.4126969696969698
3.032 1.4146257110352674
4.041 1.3898218657661459
6.531 1.3941531728665209
8.436 1.3851089866156787
11.233 1.7180834345889024
14.219000000000001 1.8815951461665748
16.93 1.3524054753977062
19.432 1.3394890432923572
22.133000000000003 1.6180388007054674
24.72 1.738537525820519
27.639000000000003 1.4934731124388918
30.615000000000002 2.0986743295019155
33.314 2.0167558711086837
36.019 2.0097692307692308
38.919 2.4117467665078283
41.42 2.406109622411693
44.32 2.667884476534296
47.212999999999994 2.974492076730609
49.714 1.8915465346534655
52.334 1.4924278280978995
55.31100000000001 2.186120662707096
58.122 2.1631460403492926
61.024 1.8761273621537664
64.019 1.682843298163345
66.725 1.5779334027055152
69.628 1.8976795903438186
72.318 2.0521787592008414
75.217 2.2260057343102897
77.918 1.9463736936018354
80.606 1.7929845530514052
83.121 1.785819749892195
85.825 1.7763358580393853
88.528 1.6962120395327942
91.52799999999999 1.580833830306316
94.328 1.3851127098321343
96.84 1.4287185534591194
99.531 1.4557324990222917
102.232 2.7350059737156514
105.00800000000001 1.9936883053732068
107.74199999999999 1.075413294797688
110.642 1.0752063784115302
113.547 1.0783432432432432
116.13900000000001 1.0963287671232878
118.947 1.0939380421313505
121.94399999999999 1.0837003841229194
124.844 1.1965034965034966
