0.021 2.1837957957957954
0.82 2.1990106007067136
1.424 2.145639143730887
2.827 4.1629721988205555
4.105 6.976370953630796
5.305 7.112612652608213
6.305 6.118344594594595
7.606 7.189742372881356
8.905 7.673239384041064
11.104 7.862985047575895
13.404 4.1370868427313825
16.206 6.456666410748561
18.907 4.948405375139978
21.506 7.384587423935091
24.504 7.366020202020202
27.204 7.03425816993464
29.898 6.967482693039178
32.605 5.5344628820960695
35.106 5.298481359976141
38.006 5.6514353095316086
40.606 5.8320886347391
43.507 5.571760640000001
46.207 5.101047072330655
48.807 4.897454327643007
51.71 4.0041931792172125
54.302 4.154377898371979
56.908 4.7215333826065535
59.510000000000005 4.646946686303387
62.010000000000005 4.042829545454546
64.813 4.042288115806677
67.711 2.892803559206023
70.616 2.7017006289308174
73.516 2.8915526228967336
76.112 3.0248161375661375
78.903 2.8377337841992007
81.516 2.6620493558901135
84.513 2.55417395642774
87.116 2.328824183272333
89.61699999999999 2.385878406708595
92.31200000000001 2.884569892473118
94.814 2.9002627235213203
97.71600000000001 3.1526489811610916
100.41300000000001 3.173697403760072
103.21600000000001 3.173839511201629
106.215 3.1781077050538524
109.213 2.843471588852696
112.017 2.179678583142014
114.62 2.1750594282043045
117.32 2.174670903313663
