0.013 2.926374245472837
0.617 2.9493838862559243
1.114 2.952126649076517
1.619 2.8993744075829384
2.715 2.900870484581498
3.92 2.881503597122302
6.213 2.871232659532303
8.818 2.552315282791817
11.716 3.6799697950377563
14.111 4.037600744532341
17.008 4.996602298850575
19.607 5.27757012864763
22.408 3.7424738513656575
25.351 2.8095397437876217
27.912 3.383925754060325
30.714 3.089318980983136
33.414 4.458985394352483
36.299 1.8415218508997429
38.813 3.3538471986417657
41.713 3.3469384057971014
44.512 3.3724973995271865
47.212999999999994 3.4814797266514805
50.010000000000005 3.4742969941677884
52.812 2.6046182495344508
55.616 2.5030689895470384
58.119 2.689231910946197
61.105000000000004 2.732484771573604
63.815 2.7347051397655546
66.618 2.6845063815108654
69.119 2.570619153674833
71.919 3.084953284671533
74.514 3.4317587377671264
77.114 2.7277609710550887
79.622 2.834974120564079
82.613 3.4244672507300793
85.303 3.4293987284287013
88.111 3.296605992085924
91.107 2.509089528260552
94.02099999999999 2.4983111371286406
96.922 2.479059607059607
99.52000000000001 2.47927797833935
102.418 2.8472361111111115
105.411 4.0817731721358665
108.21199999999999 4.094469784550709
111.21100000000001 3.47853488847964
113.714 3.092231245698555
116.297 7.425044959772835
119.00899999999999 3.716338866134943
121.719 2.8424446096654274
