0.052 0.7203605745418524
2.17 0.7312808460634548
3.971 0.7288964169381107
5.672 0.6065639024390245
7.914 0.40207134071340717
10.845 0.3616005726556908
13.784 0.6847347850362926
16.133 1.242888293118856
17.339 1.2533056133056133
18.447 2.0835292106013106
21.017 1.8244484348459111
23.738 0.519568455330596
26.540999999999997 0.4726085997794928
29.348999999999997 0.9121166772352568
32.016 2.0371054545454546
34.62 1.3796807980049874
37.548 1.419895720609936
40.309 1.7906777862016678
42.823 1.439020943361865
45.484 0.8065087853323147
48.233999999999995 0.8125805422647528
51.181 1.0346395884105064
54.169 0.6855284892838474
56.67 0.6930346129641284
59.357 1.768120481927711
62.123999999999995 1.5490056093829678
64.733 0.9396546206896552
67.483 0.5698199538343165
69.985 0.39341292065831496
72.849 0.37957083731295765
75.373 0.3996724849254205
78.225 0.41553562005277045
80.954 0.6754976525821597
83.746 0.9593191489361702
86.248 0.6937253384912959
88.985 0.7852924731182795
91.837 0.623777516311905
94.36500000000001 1.1580345465761874
96.941 0.8418436595251881
99.815 1.6128064516129033
102.626 1.6305013774104684
105.43 1.1210058309037902
108.257 0.5517597775718258
110.804 1.1632877637130803
113.62 1.8455801104972374
116.422 1.1978828897338403
119.238 0.5050030395136779
122.143 0.39228488612836443
124.86600000000001 0.3942756804214223
