0.02 2.6933481481481483
0.618 2.7057391304347824
1.115 2.6960385542168672
1.618 2.646731655061596
3.618 2.6360304132231405
6.214 3.142944580676802
8.809 3.5406256109481915
10.911 3.5736714406065713
13.41 3.3876186693147967
15.511 3.3353576642335767
17.815 3.319449006622517
20.114 3.0863851976450802
22.615 2.9528406281323085
25.215 3.009756613756614
27.817 3.212493392070485
30.418 3.0141543847365657
33.215 3.3052168892096714
35.812 3.3672789699570815
38.312 3.411253456221198
41.114 3.456988980164296
43.903000000000006 3.401038766152564
46.81399999999999 3.352281863688872
49.616 3.34501185770751
52.515 3.448422090729783
55.113 3.442169621466219
57.813 3.481018251681076
60.509 3.5096951915240426
63.012 3.3791509749303623
65.908 3.3588191627104016
68.816 3.4685098583726743
71.512 3.3089731845762382
74.214 3.287318920987182
77.009 3.351547227533461
79.815 3.394079406307978
82.811 3.4297410365966936
85.312 3.420056630109671
87.917 3.3149682710986403
90.608 3.244520491029273
93.51499999999999 3.378646153846154
96.01599999999999 3.4561819870009285
98.714 3.4562657272269752
101.314 3.4010949813355453
103.815 3.4367619970916143
106.41 3.463011555555555
109.209 3.477766092475068
112.00800000000001 3.3474699616531742
114.916 3.2005548755609956
117.911 3.0935036784496677
120.613 3.1832539550374688
