0.011 4.06259217877095
0.414 4.080786885245901
0.814 4.005800342270394
2.61 4.005476394849786
4.511 4.005018583626319
6.611 4.0077948717948715
8.31 4.006703539823008
10.211 4.003726285983955
12.414 5.058059673946478
15.207 4.676261924009701
18.008 4.800711209276643
20.709 4.682521158129176
23.409 4.931837053571429
26.109 5.158120714083309
28.708 5.057752837326608
31.408 4.910140861134874
34.2 5.093857619577308
36.908 4.245322339603195
39.415 3.7904433539577553
42.209 5.042031560490941
45.207 4.95993434650456
48.108 4.933905355624823
50.709999999999994 4.855750819672131
53.409000000000006 4.928450874020495
56.30800000000001 4.998377142857143
59.101 4.548163110991089
61.909000000000006 4.435247396436011
64.812 4.27312676056338
67.609 4.397865567859903
70.11 4.655315945146544
72.909 4.702515716272601
75.61 4.845689791314157
78.207 4.85287707641196
80.91 5.00522243502052
83.8 5.0512437756497945
86.509 4.821924093337082
89.109 4.442652010413654
91.61 4.5329118733509235
94.508 4.912506474820144
97.00999999999999 4.91524763813341
99.60900000000001 4.455342842049657
102.50999999999999 4.433426686960933
105.00999999999999 4.830797951052931
107.80000000000001 4.857131600547195
110.50999999999999 4.739224979091163
113.21100000000001 4.704724607329843
116.10900000000001 4.711447447447448
119.00999999999999 4.668317357162199
121.809 4.5315148162781504
