0.013 3.4628761904761904
0.514 3.4573333333333336
0.912 3.474708074534161
1.317 3.4138839285714284
2.312 3.41149052906597
3.913 3.405134962805526
5.912 3.4089976470588237
8.113 3.4017225340817965
10.713 3.6509218472468916
13.31 3.7989509632224165
15.911999999999999 3.5028557614826754
18.911 3.406159578776833
21.415 3.4455563352826513
24.110999999999997 3.517489468599034
26.915 3.276795751633987
29.912999999999997 3.60398995395563
32.502 3.246059188374978
35.214 2.4183317406143345
37.715 2.4193704837721985
40.524 2.9177824735860782
43.217 2.9633701703365185
46.214 2.9631050794881735
48.912000000000006 3.358286209887251
51.812 3.8637569060773482
54.709999999999994 3.864339967724583
57.30200000000001 3.766066189624329
59.81100000000001 3.8677505549949545
62.313 3.81072077294686
65.015 3.672454193548387
67.713 3.6318691000629326
70.516 3.8317189483227563
73.511 3.8311741360089187
76.112 3.4222163217493167
78.818 2.3063651033787194
81.51 3.5219946585272797
84.312 3.4747941653160455
87.31 3.346023529411765
90.013 3.9925019753660234
92.911 3.909081749484772
95.811 3.5903304056879963
98.715 3.2900191144919053
101.41399999999999 2.7618861569552036
103.917 2.7050896604349486
106.61500000000001 2.7026625043357613
109.612 2.7052016925246827
112.51499999999999 2.792929968005688
115.412 2.7947182506307824
117.917 2.790997526793075
120.91499999999999 2.8
