0.012 4.155451428571428
0.411 4.162675585284281
0.812 4.10306432748538
1.609 4.100321715817694
2.413 4.089226666666667
4.411 4.08442574888464
6.012 5.002979710144928
9.007 4.926425383167518
11.81 4.663571185479296
14.407 4.571551106427819
17.309 4.325416915422886
19.909 4.479258588548602
22.709 4.442247800955014
25.308999999999997 3.644245845845846
28.101 3.885490917897796
30.811999999999998 3.5949611691022967
33.711 4.550934658385093
36.307 5.032405620036652
39.109 4.159636619058769
41.919 2.8944526086227143
44.905 5.520359945872801
47.408 4.491037400051587
49.909000000000006 2.632896
52.42400000000001 1.8448330324909747
55.41 4.481477230193387
58.108000000000004 4.910216802168022
60.608999999999995 4.683410549211528
63.507999999999996 4.574340874811464
66.409 4.482940092165899
69.211 4.126101048617731
72.011 4.686871084003327
74.708 4.585752868961836
77.704 3.98105655235067
80.209 4.270328664799253
83.111 4.323722716627635
85.91 4.686225136612022
88.608 4.610701891323927
91.50999999999999 3.9439247015610652
94.41399999999999 3.8788820722563053
97.40899999999999 3.93602934433746
100.30799999999999 4.99051124260355
103.005 3.995557384545039
105.91 4.482551888038025
108.809 4.242010991636798
111.61099999999999 2.626232040784798
114.214 4.183437616387336
117.131 1.6212793221039579
119.93 3.0917625570776255
122.71000000000001 3.9658940397350992
