0.036 1.3294405850091406
1.238 1.341206896551724
2.238 1.3383444976076555
3.138 1.3428250539956803
4.137 1.3315030549898168
5.246 1.3204725388601037
7.248 0.8586794038975927
10.108 0.6950025395265013
12.949000000000002 0.9850326797385621
15.745999999999999 0.9296908939014201
18.593 0.5795301327885597
21.348 0.5753956701980655
24.189 0.7042541073384446
26.848999999999997 0.5126526036288539
29.829 0.4918774170010945
32.656 0.5879595573600829
35.406 0.506875055187638
38.29 0.5012179700499168
40.908 0.5615755517826825
43.897999999999996 0.575611848825332
46.650999999999996 0.5754416058394161
49.489999999999995 0.5322495784148398
52.0 0.5277327967806841
54.599999999999994 0.5314826254826255
57.287000000000006 0.8820676183320811
60.254000000000005 1.16951428110376
63.025999999999996 0.560509696733047
65.58 0.5819633507853403
68.299 0.576108766994843
71.25 0.586439744220364
73.887 0.5871179487179488
76.677 0.58709412861137
79.496 0.49851255265374894
82.103 0.5441911352776404
84.782 0.6503281958295557
87.673 0.4881007249141549
90.49700000000001 0.4829724770642202
93.303 0.4806627906976744
96.17099999999999 0.5110859167404783
99.09 0.5332605357447535
101.64099999999999 0.3939651216154199
104.168 0.9150925795053003
107.15 1.0866978484565013
109.84299999999999 1.0669473684210526
112.74700000000001 1.0845779220779221
115.54599999999999 1.0953909324208726
118.34899999999999 0.6880810600155884
120.90899999999999 0.5469865041358294
123.69800000000001 0.6386874610106051
