0.013 3.8681063829787234
0.514 3.803241954707986
1.409 3.8131739130434785
2.21 3.8092652552926523
3.11 3.8151657010428734
4.013 3.8048628884826328
5.214 3.8006925498426023
7.212 3.7979635157545606
10.111 3.8718511890746408
12.911999999999999 3.860646941045606
15.511 3.8563264581947214
18.111 3.8453625971650665
20.615 3.8250820168794637
23.311999999999998 3.833019161928827
26.112000000000002 3.834414913957935
29.1 3.840290811775201
31.71 3.8377355960611776
34.611 3.8343253432627415
37.512 3.8321415012942195
40.212 3.830779751332149
42.81100000000001 3.850444549315715
45.613 3.845351590106007
48.215999999999994 3.8055777301927196
51.016000000000005 3.8091311437223383
53.915000000000006 3.82320808940926
56.911 3.8164718272775144
59.412000000000006 3.822810474922326
62.209999999999994 3.838972151898734
64.911 3.8374674556213018
67.512 3.837998033431662
70.112 3.8204619209039548
73.11 3.812473041934768
75.716 3.828875491480996
78.413 3.8280159029085583
81.314 3.838315176715177
84.215 3.83018847699866
86.812 3.8157137888198758
89.41 3.8041930912311783
92.203 3.794389864414314
94.816 3.8009652424175338
97.412 3.8093785004516714
99.91300000000001 3.8292217353198947
102.513 3.8241549898625817
105.01499999999999 3.8210968575118383
107.713 3.824431946006749
110.213 3.82384
113.011 3.8303515625
115.904 3.8362474410324876
118.511 3.8448756285618506
