0.015 3.1894912280701755
0.511 3.1832225063938617
1.008 3.196731428571429
1.415 3.204783505154639
1.917 3.3358541033434648
3.015 3.58014748603352
4.911 3.2882977757603267
7.211 3.613243611584327
9.614 3.375154351395731
12.61 3.879635144198524
15.212 3.7514942826321467
17.911 3.7686793636567333
20.411 3.9774311431143117
23.409999999999997 3.7485601317957165
26.311 3.6636656770952274
28.819000000000003 3.842861861191698
31.601999999999997 3.83452208499058
34.412 3.967275704310137
37.11 4.094447568564185
40.01 3.9115465880752662
42.513000000000005 3.6126154527341154
45.113 4.329127797115863
47.709999999999994 4.149439178146159
50.611999999999995 3.5098948272161405
53.315 3.592262833675565
56.001999999999995 4.1057649926864945
58.711 4.043186497890296
61.512 4.058755852842809
64.013 3.4436200846944947
66.516 3.771099978218253
69.213 3.7845408551600626
71.713 3.81501243339254
74.313 3.903250275633958
77.212 3.8685810368986453
79.913 3.8465079662605435
82.614 3.8235625316455697
85.21100000000001 3.6631256281407034
87.91300000000001 3.636172397094431
90.51499999999999 3.8728396377197654
93.01599999999999 3.962372490191553
95.91300000000001 3.7811988343420757
98.41399999999999 3.722378700745474
101.215 3.973647940074906
104.10900000000001 3.8584690284720713
106.81299999999999 3.910651023694502
109.714 3.8157214437367304
112.512 3.849146221786065
115.40299999999999 3.9532437514331575
118.31200000000001 4.0642324592487595
