0.011 4.167358166189112
0.414 4.127968952134541
1.309 4.1332783505154636
2.11 4.122425876010781
2.91 4.136291457286432
3.814 4.118550128534705
5.409 4.113639977285633
7.211 3.3716186970923814
9.712 3.2344122738001575
12.415 3.7848654307524536
15.114999999999998 3.3007167805618827
18.013 2.8354039109912343
21.012 2.8154992035680153
23.604 3.3166528
26.21 3.324758725341426
28.816000000000003 3.3222492127755285
31.613 3.3785897771952818
34.512 3.969586554621849
37.411 3.833898107714701
40.011 4.1285139664804476
42.911 3.702787383707738
45.412 3.227386839666358
47.916 3.622512841418671
50.911 3.8640359168241964
53.717 3.361706379707917
56.518 2.6294844652615144
59.513999999999996 3.4094830101405447
62.212999999999994 3.8460224280838617
65.104 4.094200911052505
67.812 4.094872280037842
70.612 4.117278129566488
73.313 3.876114595082337
76.312 3.8246982325987346
79.012 3.3597957759412305
81.516 3.538193944039862
84.31200000000001 3.80385540031049
86.91399999999999 3.5584448563484705
89.815 3.3701508078994618
92.62 3.370703755215577
95.613 3.3519207564160287
98.412 3.022711267605634
101.214 3.0213854089904197
104.017 3.004254237288136
106.912 2.9604012158054713
109.61099999999999 2.96100038595137
112.50299999999999 2.7222841302841303
115.019 2.3591906283280086
117.91499999999999 2.359219512195122
120.81899999999999 2.3775682382134
