0.026 1.7780048899755503
0.925 1.796017316017316
1.728 1.7988038585209003
2.432 1.7630201729106627
4.227 1.7654091152815012
6.227 1.073264779768883
8.844 2.095493202198438
11.419 2.7061869218500796
14.114 2.198731550112794
16.823 1.9964784270890226
19.518 2.85550778579567
22.216 2.6933666055045875
25.021 1.9731200833550404
27.610999999999997 1.8887544419134397
30.119 1.9208205727644652
32.623 1.9869141781006188
35.422 2.36140213740458
38.314 2.4870873990873994
41.222 1.781660428410372
43.722 1.6696882060551288
46.223 2.0356255707762556
48.81999999999999 1.8711674828599412
51.712 1.6857222464083588
54.425 1.6343538209862118
57.328 0.9425095775387038
60.095 0.5395681953543776
62.706 0.5242103746397695
65.596 0.528680142687277
68.391 0.529900819318672
70.892 0.8766411764705883
73.858 0.9053687994248741
76.855 0.8930775237032906
79.56 0.89683904213398
82.452 0.9528840161569533
85.053 0.6887437489511663
87.61000000000001 0.5152283527990335
90.30600000000001 0.520197628458498
92.995 0.5202349239643419
95.59 0.5156532618409294
98.493 0.7379630996309964
101.239 1.120969696969697
103.94800000000001 1.1076612489307098
106.74700000000001 1.1008668639053256
109.55000000000001 0.8491473408892763
112.362 0.8078289986311467
114.958 0.7596704699284471
117.463 0.7452953929539295
120.08500000000001 0.74013125
122.964 0.7404451772464963
