0.051 0.9543359580052494
1.651 0.9611119691119691
3.052 0.9595677530017153
4.346 0.9601976833976834
5.743 0.9579018315018315
7.246 1.0782411953041622
8.342 1.152593984962406
9.533 1.3963775100401605
10.633 3.2613116634799235
12.806 5.480587706146927
14.21 5.044437481868291
17.206 5.249568039950063
20.007 4.8586322155030235
22.705 4.547341493879591
25.31 4.769082045184304
28.207 4.827548079618728
30.808999999999997 4.596615307402761
33.407 4.731790924755887
36.197 4.728721852541922
39.007 4.613324064171123
41.808 4.827865088757397
44.308 4.754711086837793
47.008 4.704088935944945
49.914 4.611562323745065
52.510000000000005 4.743579175704989
55.309 4.703113096900307
58.007000000000005 4.861670218163369
60.697 4.6116293481438175
63.214 4.722597345132743
65.907 4.705930959499864
68.709 4.7103772638618
71.409 4.702467432950192
74.109 4.698094880729027
76.91 4.393392891450529
79.71 4.567614052449282
82.307 4.366492871690427
84.998 4.727069252077562
87.809 4.530521097046413
90.711 4.467668149699032
93.612 4.715451798956331
96.308 4.796112595962468
98.906 4.818463744141163
101.612 4.747042505592841
104.30799999999999 4.556677618069815
107.30600000000001 4.410897768552154
109.9 4.605855458739108
112.411 4.606318261890781
115.40799999999999 4.700135223555071
118.21199999999999 4.790837092731829
