0.014 2.8295875486381323
0.622 2.854678899082569
1.117 2.839736040609137
1.622 2.8519633027522935
2.118 2.7811458998935037
4.12 2.907651542649728
6.411 1.7742150379622825
9.159 2.214538240668233
12.114 2.756631919191919
14.713999999999999 2.650871646120377
17.515 2.803337807606264
20.313 2.858031152647975
22.919 2.648534265734266
25.51 2.9858235505941666
28.415 3.134500715307582
31.121000000000002 3.1331630276564773
33.715 3.2288933544861624
36.515 3.123430521327014
39.419 3.0234526889040163
42.417 2.5844565608148593
45.218 2.5926571337782014
48.120999999999995 2.7518357940223264
50.706 1.7110490499337163
53.337 1.2282051282051283
56.135999999999996 1.2643097500879972
58.917 2.4769241285030756
61.419 2.7882136613790873
64.115 3.1790230607966454
66.616 2.7567778958554725
69.521 2.246471366906475
72.122 1.4593634085213032
74.717 1.4968876690844932
77.413 2.815306560636183
80.019 2.947555871886121
82.917 2.9848901818181814
85.721 2.790663710273466
88.52 2.857273885350318
91.118 2.976098295679746
93.714 2.7256542932133483
96.41399999999999 2.718005111354509
99.406 2.7166139240506326
102.02000000000001 2.901641896673744
104.916 3.159394007072399
107.418 3.199858687815429
110.01599999999999 3.230020900627019
112.815 2.98142800265428
115.41900000000001 2.9838569798402435
118.21799999999999 3.05188458134183
120.91300000000001 3.0245949367088607
