0.016 3.023717255717256
0.618 3.020970873786408
1.117 3.0321300813008127
1.522 2.981325536062378
2.619 3.0175368852459012
5.121 2.2368111692844677
8.047 1.477487252702427
11.018 2.8450355466130115
13.620999999999999 2.211560453808752
16.321 2.0467816349384096
19.02 2.5845830182193192
22.018 2.444030636030636
24.617 2.44112407347728
27.508000000000003 2.4401506768687464
30.017000000000003 2.441696879643388
32.825 2.1740830144244923
35.823 2.247483870967742
38.815 2.984714406065712
41.321 3.205543204868154
43.91 3.1881104400345124
46.819 2.247269061121613
49.63 1.6512203975799482
52.514 2.283080188679245
55.019999999999996 2.2846782097353806
57.620999999999995 2.620871214885079
60.416 3.5825407810182894
63.018 3.3711000879507473
65.816 2.2716175665946725
68.815 3.6473541221700128
71.615 3.636446124763705
74.417 3.3265533254624167
77.118 3.324848297213622
79.918 3.6624722106142915
82.81 3.674249447680257
85.604 3.0186880313930673
88.314 3.014338137082601
91.114 3.6874545018007203
93.816 3.7041259163432514
96.51499999999999 3.709465449804433
99.21600000000001 3.604652529918119
102.017 3.5259046822742475
104.91499999999999 3.622837479270315
107.81700000000001 3.62567791542076
110.61600000000001 2.899804986974321
113.41900000000001 2.8733902621722844
116.22 2.8863012490815576
119.02199999999999 2.885731654363873
121.91900000000001 2.8763636363636365
124.82 2.983063511830635
