0.007 6.733370370370371
0.308 6.633929313929314
0.906 6.740096385542168
1.106 6.635227765726682
1.607 7.0001755485893415
4.202 6.900488671701466
6.505 6.708231636222308
9.104 7.261742370194214
11.705 4.561373647711512
14.41 6.470398210290828
17.203 7.871514712539611
20.004 7.669683538531692
22.998 7.461251160827353
25.406 5.63037673987009
28.209 5.84025919184565
31.006 6.45664191976003
33.705 6.794329376854599
36.506 6.496883280757098
39.11 5.214501907836807
42.108 4.127711004784689
44.914 5.025618724976902
47.898 7.50830185424752
50.805 7.517786802030456
53.706 6.365356169715843
56.305 6.234611546685674
59.206 6.525318868655559
61.906 7.148341663558374
64.705 7.071440609592111
67.508 5.050846495119787
70.009 8.327619047619049
72.902 5.116690072639225
75.808 5.480962041467304
78.506 5.465728718428438
81.308 3.115478201634877
84.216 4.231559935823975
87.106 6.596763076923077
89.806 6.380659742417947
92.307 5.596005211726384
94.908 4.357059724349157
97.602 1.905122059476254
100.226 2.7409697757556057
102.912 3.729527955612463
105.711 4.197681503461919
108.314 4.525316339536069
111.309 5.8498279421885755
113.809 5.477612922889363
116.708 2.8386321693504617
119.32 3.915533954122189
122.0 4.323130041462496
