0.056 0.8349070034443169
1.955 0.8398380566801619
3.553 0.9133518367346939
4.852 0.9370429540316503
6.243 0.9299687055476529
7.753 1.2886632653061225
8.638 1.17848055962258
11.433 1.4539667523564697
14.344999999999999 1.135407555333666
16.955 0.8926866910866911
19.756999999999998 0.8635616438356164
22.341 0.8556054794520549
24.970999999999997 1.6034513715710723
27.848999999999997 2.2023269961977183
30.542 1.772828402366864
33.124 1.6361010190518386
35.714 2.419772215269086
38.52 1.963344970906068
41.221 1.9132358353510897
43.923 2.1754607006181925
46.919 2.31285084306096
49.611999999999995 4.32720724801812
52.412000000000006 3.1391195784353467
55.107 2.405710354317166
57.623000000000005 3.6009062656641606
60.214 4.695246166713131
62.911 3.8260539029746456
65.512 3.2341910619106193
68.019 2.7744779853777417
70.717 3.158175848230573
73.317 2.5164548972908607
76.122 2.6949209535759096
79.119 2.8190080411707945
81.922 2.68829341123012
84.617 3.4445858161980696
87.61 3.810058526740666
90.21 3.983398907103825
92.72900000000001 3.591516022761306
95.61600000000001 3.2803535741737124
98.41399999999999 4.064621212121212
101.208 5.654685886691251
103.81299999999999 5.452907332293292
106.61500000000001 5.1316275695284155
109.512 4.694028556319408
112.412 4.470049960557455
115.31 3.811675079533404
118.305 3.4451295564339044
120.91 5.195930078360458
123.81800000000001 5.287811894882434
