0.017 2.625285198555957
0.626 2.5858346839546194
1.92 2.645049645390071
2.423 2.5747811447811446
3.721 2.750390731964192
5.718 3.353461015175301
7.712 3.4512243925678896
9.915 3.4884440789473685
12.414 3.587099894847529
14.412 3.7589223650385604
16.418 3.35938485316847
19.211 4.2678548591727985
22.209 4.199502019482063
25.012 3.9256001725253395
27.709000000000003 3.8704926417370324
30.412999999999997 3.033802677942213
33.211 3.049868797868798
35.812 3.683455399061033
38.603 3.685087741132545
41.513 3.7443211805555556
44.212 3.745279779664907
47.11 3.6594686843211433
49.913 3.6358527004909984
52.911 3.503127677806341
55.61 3.383814313346228
58.313 3.2836513940339245
61.015 3.101473532589125
63.912000000000006 3.1073647540983607
66.413 3.104261667331472
69.01 3.1052060461416073
71.611 2.2147169572107765
74.318 2.215793383633198
77.316 2.2147313106036908
80.124 2.2151997860390478
83.11 2.8570998955795335
86.009 4.3474588370754175
88.81 4.348766592095451
91.71 4.355392111368909
94.509 3.8292866756393
97.012 3.369766437684004
99.71600000000001 3.4083507779349365
102.71199999999999 3.7215860306643953
105.513 3.7581191056010623
108.11099999999999 4.064289377289377
111.00999999999999 4.068836764001914
113.81299999999999 3.359889325107497
116.40299999999999 3.3134361140443507
119.209 3.846518518518519
121.81299999999999 3.989309217391304
