0.009 4.768550819672131
0.409 4.805559845559846
0.706 4.761089361702127
1.01 4.705907692307693
1.712 4.638536412078152
2.911 4.199517693315858
4.513 3.9770230414746544
7.412000000000001 3.3872020706230357
10.411 4.168251457541191
12.911999999999999 2.970490927764464
15.818000000000001 2.8783605363350437
18.414 2.809356271922499
21.015 2.9016956410910018
23.703000000000003 2.9093445614035085
26.610999999999997 3.0629301025163094
29.314 3.0746711074104915
32.312 3.074986878727634
34.915 3.0941973799126634
37.814 3.1368257244938467
40.41 3.1380212314225053
43.313 3.2976569579288024
46.012 3.602945780292315
48.712 3.068378453038674
51.61 3.9981907090464546
54.31 3.19881513987932
56.81699999999999 2.762317205182877
59.513000000000005 4.3241660649819496
62.507000000000005 3.943110222444389
65.113 3.335334375
67.808 4.667867349689944
70.8 5.220983323038913
73.606 5.303338271604938
76.407 4.808941563786008
79.112 4.300443817583451
81.912 2.4121107917428795
84.627 1.2076029007956064
87.422 1.9651966335118594
90.32 1.970381471389646
92.82400000000001 2.4251730769230773
95.612 3.820831295843521
98.511 2.8776852791878174
101.12100000000001 2.1359833289919252
104.017 2.444841379310345
107.01499999999999 2.9237433395872423
109.714 2.981714729887291
112.309 4.988261587301587
114.90799999999999 4.979092351634402
117.61000000000001 4.9526274059178395
120.208 4.704374077112387
