0.137 0.4370216346153846
3.051 0.9611119691119691
4.946 0.6324793668739401
6.953 0.3561890575766256
9.649 0.3534836442281698
12.551 0.6010184414039262
15.358 0.7846193218170185
18.06 0.7795919282511211
19.969 0.532779496243924
22.408 0.4932801418439717
24.814 0.4795942519019442
27.466 0.4778821729150727
30.232 0.5745146669734269
33.118 0.5425040565297042
36.083 0.4843960224816256
38.625 0.42987723387723387
41.427 0.43144381811349114
44.23 0.49544736842105264
46.804 0.5142137582588419
49.519999999999996 0.5412237654320987
52.05200000000001 0.5995095057034221
54.777 0.6000456273764259
57.482 0.6148223159868729
60.290000000000006 0.6172825112107623
63.172 0.6105210608424337
65.791 0.9883659711075442
68.614 1.6364795743872316
71.437 1.2437104777527168
73.939 1.164330341113106
76.722 1.3912828372839068
79.439 1.2413274116184048
82.123 1.043831032125769
85.062 0.803141560798548
87.59 0.28125446332544635
90.50800000000001 0.2819068579288662
93.398 0.3426116764863417
96.316 0.45957223919685725
98.81800000000001 0.45404485125858124
101.714 0.46087539936102234
104.374 1.4741130221130223
107.22900000000001 1.4759900249376559
109.81200000000001 1.4631141242937853
112.328 0.7042214336408801
115.174 0.5755485300635249
117.969 0.3308244615003714
120.76499999999999 0.3320829875518672
123.37899999999999 0.3626956808440488
126.113 0.41533011836913636
128.625 0.4183325570563577
