0.033 1.3891193887297038
1.14 1.4047855530474043
2.131 1.4003204005006258
3.035 1.40344920993228
4.035 1.390995744680851
5.045 1.3514675324675325
7.744999999999999 1.3219197080291971
10.326 1.7226184771573603
12.829999999999998 1.626767763471626
15.623999999999999 2.078198976691302
18.227 1.746064096609382
21.127 2.300038859291758
23.917 1.8552064658339458
26.625 1.632211023622047
29.509999999999998 1.7238520849724626
32.426 2.052058905251459
35.118 2.102662316476346
37.914 2.6962374429223748
40.616 2.6903861082737484
43.117 3.0817514595496247
46.112 2.0985089732274202
48.635999999999996 1.4321304347826087
51.533 1.5128361008009377
54.413 1.4578695017719407
57.331999999999994 1.704747982914096
60.123000000000005 1.8394619289340102
62.626999999999995 1.5265494505494506
65.33 1.525163691224541
67.929 1.5401511973085296
70.525 1.3880378685420611
73.335 1.3749374262101535
76.035 1.3953991228070177
78.642 1.4815583375062595
81.229 1.6024725861232412
83.925 1.5979601593625499
86.53 1.610412348401323
89.42599999999999 1.7961622377622377
91.934 1.3727049360146253
94.53299999999999 1.3733837143396939
97.43799999999999 1.5100640973630832
100.42599999999999 1.708783279422742
103.03200000000001 1.5355880149812733
105.976 1.1970352861725477
108.51499999999999 2.2364454649827783
111.13999999999999 1.2521547249877591
113.84 1.2959407651172357
116.832 1.3602588597842835
119.332 1.3583005405405406
122.23400000000001 1.3499013806706115
