0.037 1.0960120572720422
1.441 1.1083170080142475
2.641 0.8865736925515055
4.065 0.7986229929351317
5.755 0.9017489655172414
7.367 0.6218790878214459
10.242999999999999 0.7048045977011494
13.079 0.623393993724787
15.983 0.6227685950413223
18.575 0.6366361556064073
21.476 0.6521379310344828
24.402 0.6866677966101695
27.258000000000003 0.8002289981331674
29.956000000000003 0.6507999999999999
32.486 0.58698410430434
35.268 0.714795865633075
37.969 0.7139751243781094
40.662 0.7460854489164087
43.372 0.7719206534422404
46.166 0.7714223134839151
48.785 0.5783856782410188
51.318 0.48216307460437074
54.083 0.5434117647058824
56.721000000000004 0.48299649122807015
59.703 0.47550911300121507
62.29900000000001 0.488110978993262
64.99 0.5005875472996216
67.613 0.5171620111731844
70.246 0.5999479894052493
73.181 0.6634568725653868
76.07 0.6197543252595156
78.888 0.6814479250334672
81.804 0.5504772835963654
84.593 0.5507801179443976
87.09899999999999 0.5942932891466446
89.65199999999999 0.8732505119453925
92.251 0.8803344481605351
95.059 0.6927988826815642
97.862 0.533418399718012
100.70500000000001 0.6140880245649949
103.43199999999999 0.6922479532163743
106.27199999999999 0.6405280424933605
109.15199999999999 0.8721321321321321
112.055 0.8757916137229987
114.76499999999999 0.8733333333333334
117.46199999999999 0.8315012987012986
120.18199999999999 0.667613813965213
122.773 0.5643877636075686
125.423 0.5387764282501124
