0.03 1.3282264840182647
1.234 1.3397631862217438
2.236 1.3399473053892217
3.135 1.3399310344827586
4.136 1.330148524923703
5.246 1.2750624751293276
7.848000000000001 1.1573925547212016
10.729 1.6283869481765836
13.524999999999999 1.5331829213483146
16.061 1.129476904063031
18.624000000000002 1.62567335243553
21.615000000000002 1.488896305125149
24.534 1.5778748466257668
27.439 1.6104133456904541
30.231 1.697146398140976
33.227 1.5277947869259412
36.133 0.9804249492900609
38.691 0.5083007173601148
41.239999999999995 1.0756682926829269
44.040000000000006 1.2118795698924731
46.721999999999994 1.2741090909090909
49.337 1.360448275862069
52.336 1.1867198228128462
55.144000000000005 1.0790113770105925
57.855999999999995 1.0779573193560463
60.649 0.9323916119902226
63.557 0.8576769567815177
66.271 0.7580903665814152
69.072 0.7718844221105529
71.93 0.8984415975885456
74.851 0.8938026969481903
77.364 0.8832255929398787
80.152 0.5589276918219135
82.939 1.048142177086639
85.744 0.9041149619611158
88.46600000000001 0.6765396882279161
91.28800000000001 0.42540606060606057
93.935 0.4228849104859335
96.53299999999999 0.858654761904762
99.463 0.9859720624486442
102.249 1.052216888888889
104.929 1.5180023446658852
107.83000000000001 1.4824422310756973
110.768 0.2870850742419218
113.56800000000001 0.7592045454545455
116.471 0.7594970344009491
119.27199999999999 0.743281081081081
122.018 1.271634899328859
124.839 1.2650140845070423
