0.015 3.0683713080168777
0.623 3.03031339031339
1.715 3.0275037756202807
2.716 3.0285544554455446
3.813 3.0345511520737327
5.013 3.041183770883055
5.918 3.022161034626617
8.416 3.0138174067495562
11.316 3.9008942252715837
13.113 3.5692324146441794
16.012 3.655281900357368
18.813 3.968762623879188
21.61 3.901921412803532
24.211 3.740087939182248
26.711 3.7076940143286343
29.613 3.5149753010818534
32.116 3.3746337509211495
34.802 3.226810810810811
37.518 3.1222861159929702
40.317 3.0392517174564033
43.120999999999995 3.0083644032053987
46.114000000000004 3.0097865301299724
48.714 3.2484093959731544
51.214 3.2527441860465114
53.915000000000006 3.2491216644052465
56.712999999999994 3.255831087151842
59.513999999999996 3.3215549556498263
62.214 3.325425438596491
65.116 3.5510318153462257
68.014 3.947359781121751
71.013 4.052143815915628
73.812 4.038264629847239
76.613 3.947881081081081
79.611 3.8184278856188687
82.516 3.6617009123363746
85.116 3.4071481922924116
87.904 3.9767602278612117
90.81200000000001 4.248203758654798
93.41499999999999 3.5409583074051025
96.31299999999999 3.5716579987518204
99.213 3.718679012345679
101.814 3.1938172514619882
104.41900000000001 3.0564321209938785
107.017 2.9280580570674584
109.71799999999999 2.878781238273921
112.519 2.2511495702005733
115.119 2.2520637072178924
118.11600000000001 2.2494883720930234
120.72200000000001 2.292248803827751
