0.016 2.754560606060606
0.618 2.7782142857142857
1.114 2.7694455445544555
1.622 2.718968888888889
2.813 2.7585147679324895
3.318 2.7256812834224595
4.318 2.707070254110613
7.111 2.7797824377457405
9.715 2.7984601769911506
12.215 3.552427430910952
15.213999999999999 3.576342245989305
18.111 4.744602538787024
20.707 5.160789489051095
23.207 5.1189561304836895
25.808999999999997 4.956191535372258
28.609 4.956782959124928
31.402 4.754090838307812
34.31 4.595842677824267
37.009 4.595397827211588
39.91 4.412744757033248
42.908 4.367822269807281
45.711 4.369322961104141
48.309 3.2573401759530793
50.815 3.194491111545224
53.516000000000005 3.2017423133235723
56.20399999999999 3.2183925090770114
59.013999999999996 3.6469465271170316
61.809 5.186188034188034
64.407 5.074862407132244
67.308 4.970749354005168
69.907 4.543279763504435
72.709 4.773004444444445
75.408 4.778787350054525
78.11 4.855118895966029
81.104 5.016928260869565
83.908 5.015083040935672
86.409 2.2025309049189734
88.93 1.6022883790337623
91.71199999999999 4.669626204238921
94.30799999999999 4.664546365914787
97.007 4.656
99.50800000000001 4.3873943285179235
102.40899999999999 4.240675493379965
105.201 4.73661045891142
108.00899999999999 5.042895283298725
110.90799999999999 5.051165823496346
113.50800000000001 4.907450735064122
116.31 4.609651336898396
119.11000000000001 4.615397987927566
