0.051 0.744704557091654
2.165 0.7493317278747743
3.971 0.7514143720617865
5.573 0.7490698795180722
7.363 0.7441866818440523
9.282 0.9638850226928896
12.031 1.795765989092712
14.620000000000001 1.6178291380625476
17.474 0.9667938217372821
20.114 1.3499084194977842
22.64 1.457366156231828
25.418999999999997 2.814196319018405
28.112000000000002 1.8758811292719166
30.905 3.0511606672519758
33.805 3.0758296677585397
36.511 4.1282057015092235
39.41 4.442040206777714
42.208 4.903606920415225
45.203 6.418898456539399
48.005 3.6749375931842385
50.812 3.5990701367445963
53.406000000000006 5.012018422567646
55.911 5.382207147183525
58.80800000000001 5.737754385964912
61.709999999999994 6.692547819433818
64.406 6.871419012647899
67.405 5.702083903600119
70.001 6.77388750536711
72.904 8.94079162303665
75.405 7.566923076923077
78.306 5.334662038497949
81.011 4.142433944069431
83.706 5.1661043324491605
86.207 4.785270206643997
89.108 3.587001360015543
91.813 4.531462087186262
94.402 5.327175858480749
96.907 4.450708808290155
99.816 1.6927079821517104
102.535 1.5869267030224605
105.47999999999999 1.1921639691851014
108.231 2.0536038066616578
110.81200000000001 2.964063545150502
113.322 1.9651389659520808
115.911 3.0651026767878546
118.50899999999999 4.441216506500847
121.30799999999999 4.439438877755512
123.90899999999999 4.471274021352313
126.50999999999999 4.757497517378352
