0.014 2.8295875486381323
0.623 2.854678899082569
1.115 2.846961832061069
1.628 2.7883682771194165
2.814 2.792610687022901
4.112 2.873181510710259
5.111 2.9264896265560165
6.116 2.887643294758339
8.622 2.8788081232492995
11.413 2.9082634489693313
13.914000000000001 3.0484179523141655
16.713 3.374722311396469
19.313 3.300168782673637
22.216 3.1729140665853235
25.012999999999998 3.1420274187230706
27.716 3.441219824140687
30.313000000000002 3.2727854422344476
33.214 3.05024192854068
36.119 2.1286810344827587
38.919 2.1296945244956773
41.522000000000006 2.1739811033221583
44.413 2.9757975077881618
47.010999999999996 2.968266768876964
49.711 2.9633050847457625
52.303 2.9178748984565397
54.813 2.8966746602717826
57.412000000000006 2.899929966329966
59.913 2.9259893873613123
62.516000000000005 3.0229973446627723
65.213 2.74767814632598
68.114 2.8326983914209114
70.711 3.152231884057971
73.212 3.2653859910581224
76.116 3.3008432544840134
79.014 3.014486962908557
81.811 2.926951937984496
84.512 2.9246218655967904
87.111 3.146980720871752
89.61500000000001 3.230808888888889
92.41399999999999 3.2315000941087897
95.31299999999999 3.507574963609898
98.214 3.457967550455085
100.816 3.4502894308943093
103.811 3.3010070658237263
106.316 3.0259166963332147
109.019 2.9993404539385846
111.61600000000001 2.7699717514124296
114.31899999999999 2.747660847880299
117.019 2.7438717067583047
