0.064 0.7326992443324937
2.165 1.2347619047619047
3.216 1.9767773851590107
3.813 3.124261306532663
4.316 3.059933085501859
5.517 4.933382602001539
6.906 3.2181785872945357
9.216 2.146191753098912
11.717 2.6322006172839507
14.412 2.905844197138315
17.016 3.156403022670025
20.014 3.5544412510566357
22.809 2.978716548702393
25.314 3.0082644191042807
27.915 3.1322124170245997
30.615000000000002 2.946084516680924
33.513 3.3487224862888483
36.111 3.401341040462428
39.011 3.5020319337670016
41.900999999999996 3.5560247320692495
44.813 3.524445788336933
47.515 3.2839914052428023
50.413 3.285620704285108
53.312 3.297218293257897
56.012 2.879281763527054
58.617999999999995 2.451786197564276
61.120999999999995 2.6146909532483305
64.013 3.3127121791370837
66.912 3.307430514237144
69.502 3.489713008493518
72.315 3.5500932381352373
75.213 3.005565156550638
78.018 2.9714514324461776
81.012 3.2424828075150653
83.712 2.9879100178022338
86.511 3.419374800637959
89.113 3.176473216132368
92.01599999999999 3.097680490443563
94.805 2.463697503247222
97.31899999999999 2.732586046511628
100.11600000000001 3.1162660653889516
102.61600000000001 3.110252780586451
105.21199999999999 3.1040083420229405
107.71199999999999 3.08952260111023
110.31299999999999 2.547128818061089
112.91999999999999 2.434617911372792
115.72200000000001 2.4334822409373857
118.52099999999999 1.4822591943957968
121.213 3.572557792692021
