0.016 2.944145748987854
0.621 2.970501193317422
1.116 2.9022709410548084
2.116 2.896628787878788
3.212 2.900870484581498
4.416 3.0765114560236513
5.81 3.117277348066298
6.818 2.9893925299506696
9.716 3.2041605611847235
12.416 3.282937570942111
15.315000000000001 3.132440281030445
17.918 3.095255060728745
20.909 3.2750980174170836
23.414 3.2838146534653463
26.014000000000003 3.217350954478708
28.805 3.138699532511687
31.71 3.141182778229082
34.212 3.1590334373606774
37.011 3.164462955546656
39.617 3.1608383233532935
42.513 3.1058591549295773
45.314 3.216654720118234
47.816 3.050471678681771
50.715999999999994 2.7428044280442805
53.215999999999994 2.677019127773527
55.815 3.187329295987888
58.715999999999994 3.2160939754992452
61.218 3.179440548166062
63.902 3.2105493513818386
66.813 3.315419379548066
69.616 3.2274512702078524
72.313 3.1526110652353427
74.813 3.142696848646249
77.611 3.138549450549451
80.317 3.0089618768328448
83.112 3.01699400719137
85.715 3.026308251167618
88.216 3.1897604078164825
91.11600000000001 3.0708688613059905
93.71600000000001 3.23089198343997
96.61500000000001 3.2351223628691983
99.417 3.282601051840721
102.31700000000001 3.2714249373675086
105.11699999999999 3.237131699210636
108.11600000000001 3.234381112984823
111.11500000000001 3.22649363449692
113.804 3.207097301717089
116.314 3.0288292340126497
119.113 3.1903376912378305
