0.033 1.4025149469623917
1.13 1.4143636363636363
2.131 1.4109155107187894
3.037 1.416236902050114
4.036 1.4044425349087002
5.045 1.3844165046446317
7.7330000000000005 1.3137685890460646
10.356 0.9687024434802466
13.247 1.1808814887365329
15.841999999999999 1.188931623931624
18.342 1.1857053291536048
21.123 1.176256120527307
23.747 2.314298424467099
26.707 2.7284080289568937
29.319000000000003 2.7342129783693845
32.313 2.7302624768946395
35.112 2.727898412698413
38.015 2.617551533062431
40.904 1.0473887513264946
43.425 1.6727116342236306
45.926 1.161509851815665
48.620999999999995 1.582818558409279
51.22 1.169643256305694
53.989000000000004 0.7262740955901769
56.875 0.8685441930618402
59.855999999999995 1.068448821667253
62.82899999999999 1.462536711034779
65.731 0.9094261154318461
68.274 0.7303164614683083
71.246 0.982878812860676
74.046 0.9800529182879377
76.948 1.0438309859154928
79.743 1.3626820631254812
82.529 1.9397264637002343
85.437 1.2220407920202472
88.249 1.1045101652771685
91.14500000000001 1.2953567303420703
93.731 1.3480603231597845
96.439 1.3025120946067013
99.126 1.6821528525296017
102.02600000000001 1.682366402921485
104.725 1.8733495736906212
107.422 1.9964748490945674
110.02099999999999 1.6770934136891948
112.726 1.6264473182107273
115.525 1.790453965360073
118.524 1.8934017094017095
121.131 1.4570604691198623
123.834 1.458830694275274
