0.03 1.3785857819905214
1.236 1.390659217877095
2.228 1.3898832298136647
3.13 1.3893363128491618
4.131 1.3792573839662448
5.14 1.5965281514698555
7.718999999999999 2.5543441466854726
10.617 2.838372699899632
13.216 2.9845424321959753
16.113 3.518336862367661
18.81 3.455216911764706
21.617 1.8819035897435896
24.125 1.6310956072351421
27.01 1.6987568121286623
29.524 1.7702795583086455
32.323 1.7668325358851675
35.123 2.5856208625877635
37.709 4.833364256480219
40.209 2.794244731047499
43.112 3.5428813141683775
45.614 3.2422380290085435
48.215999999999994 4.492196078431372
51.209 3.834314563106796
53.912000000000006 4.89892150988616
56.81100000000001 4.465114854517611
59.31100000000001 4.008055211803903
62.301 3.2565342395921832
64.821 2.6894619843163996
67.819 3.124206366630077
70.409 4.335867768595041
73.013 4.138444063647491
75.716 3.6817690164988215
78.511 3.4994194449990017
81.115 3.139739196360879
83.815 3.131800076306753
86.517 3.13862676641729
89.017 3.2308565096952906
91.912 3.489171003717472
94.613 3.4915081652257447
97.31299999999999 3.490209095171121
100.013 3.4878618588115797
102.51400000000001 4.145296015180265
105.31200000000001 4.6687084708470845
108.012 4.131444263439609
110.91300000000001 3.7238992332968235
113.513 3.6888440065681443
116.01499999999999 3.613339474896361
118.91300000000001 3.5488052696582955
121.81700000000001 2.9021417004048584
