0.015 2.469283531409168
0.716 2.5093548387096773
1.319 2.453230769230769
2.515 1.759976985040276
4.322 1.8857319587628865
6.142 1.48241128845709
9.032 1.7703128054740958
11.729 1.6224700707592274
14.524000000000001 1.7498497050525774
17.027 1.7457268385864375
19.821 1.7509436422915696
22.731 1.6938435264251095
25.625 1.8091253881060425
28.601999999999997 4.084547783251232
31.209000000000003 4.090260112009957
33.911 4.752483912483913
36.508 4.833495
39.208 4.843275461380725
41.71 3.697358584807492
44.614 3.8410133570792517
47.21 2.186251875669882
49.723 2.4386207282913164
52.41 4.31046519524618
55.11 4.250740837015856
58.010999999999996 4.317453109575518
60.61 3.8931687471104945
63.202 4.379502742230347
66.109 3.815328657799274
68.811 2.9453107968264916
71.72 2.8149072956664836
74.621 2.779408114558472
77.213 2.683874868189807
80.118 2.827862571577304
83.013 2.9804361281036345
85.914 3.022256259204713
88.71 3.1889932432432433
91.61 3.1884614543466374
94.517 2.987561534628799
97.114 2.81838533927687
99.71799999999999 2.9616974297050196
102.61600000000001 2.86528418549346
105.61500000000001 2.5867634069400633
108.315 2.6694427710843374
111.017 2.671160781624957
114.013 2.086470492249116
116.821 2.867340145985401
119.61699999999999 3.230841030627127
122.21000000000001 3.4265991902834005
124.71199999999999 3.588630788485607
