0.021 2.2796363636363637
0.718 2.3048888888888888
1.322 2.2974455852156055
1.922 2.257446494464945
3.318 2.245899045020464
4.821 2.47049498843485
7.516 2.732599019238023
10.217 2.2349567966280297
13.112 3.3909860834990058
15.713000000000001 3.9562251082251083
18.107 4.03344374855022
21.009 3.6024022274576994
23.714 3.454309947234708
26.409999999999997 2.9998365194462755
29.012 3.4025857900318135
31.811 3.5534180767643417
34.714 3.9674056746805286
37.412 4.575422382671481
40.3 4.847423738062756
43.009 4.718028985507246
45.706999999999994 2.958336475707034
48.318 2.5496781373553965
51.212 4.069473462953232
53.714 3.7080593849416754
56.708 3.5128645476772618
59.31699999999999 3.302323137254902
62.013999999999996 4.050021978021978
65.002 4.896456859093731
67.814 4.787471825063078
70.515 3.555055441478439
73.514 3.556067311737484
76.315 3.510279060265577
79.311 3.372828939772946
82.115 2.758119214119214
84.717 2.4532121936640765
87.623 2.4549856957087126
90.315 3.834119658119658
92.90700000000001 5.302751412429378
95.41 5.204560975609756
98.30799999999999 4.728438446708895
101.01599999999999 3.5526385846672284
103.816 3.481388047808765
106.41300000000001 4.2143555114200595
109.01499999999999 6.360736653529202
111.90700000000001 9.032731137088204
114.905 8.449481899388811
117.80199999999999 3.3523760683760684
120.51599999999999 3.1586837669476
123.018 3.160447506200055
