0.041 1.0249527836504582
1.543 1.0346134663341646
2.841 1.0605270142180094
4.045 1.0700998278829603
5.345 1.0595915721231768
6.649 1.0579183246073298
7.742 1.2642886597938146
8.845 1.3734654362959366
11.631 1.2776524344569289
14.553 0.9159488849912302
17.137 1.7795389349112427
19.923000000000002 1.8426874215415516
22.527 1.5427307535641548
25.525 1.9078766682006443
28.436 1.3964410452517526
31.414 1.3306954954954957
34.048 1.1073298969072165
36.650000000000006 1.0441317157712307
39.444 1.0417889763779529
42.343 1.0484167441860466
45.05800000000001 1.0424059339177343
47.653000000000006 1.4451301059001511
50.528000000000006 1.7305492737430168
53.123999999999995 1.9705269089884476
55.91 2.2812981899015563
58.623999999999995 2.036953344575604
61.31999999999999 1.8764252723311547
64.028 1.5514649681528663
66.657 1.3720176211453745
69.427 2.1702774534334166
72.129 1.860834087882823
75.024 2.2854307093684523
77.92 2.4306543082732577
80.606 2.3691739130434786
83.226 1.892655752824533
86.125 1.8178950409244103
88.82499999999999 1.7586537997587455
91.72800000000001 1.6256107382550335
94.43299999999999 1.2807117688513037
97.24199999999999 1.325608262108262
99.929 1.9894553881807648
102.91900000000001 2.2577202643171805
105.80600000000001 2.4894803370786516
108.71700000000001 2.5086207340631037
111.41999999999999 2.5387001985440105
114.01499999999999 1.509706379707917
116.832 1.4319844861021331
119.52099999999999 2.5454736842105263
122.221 2.1170128148475476
