0.01 3.767896373056995
0.512 3.783100303951368
0.912 3.7320425531914894
1.708 3.7302926829268293
2.608 3.7329795918367346
3.611 3.7150515942028988
5.43 3.70630878247799
8.235 3.706529637871738
10.83 1.3271793381759482
13.608 0.3908009407740004
16.414 3.708235294117647
19.000999999999998 3.6849085545722713
21.909999999999997 0.8570726408689748
24.58 0.4042894369474174
27.214 1.6302732769044739
29.959999999999994 0.3159059736898857
32.80800000000001 7.266278481012659
35.506 6.615751662971175
38.504999999999995 6.967957671957672
41.22 2.685421322957198
43.730999999999995 1.4562743977133523
46.726 0.7688749371164101
49.717 2.9536396396396394
52.22 2.9763027027027027
55.218 0.5502303921568628
57.852999999999994 0.9108757396449704
60.738 0.1114674837227116
63.316 0.1498550724637681
66.315 2.8055707762557076
69.31299999999999 2.8052517647058828
71.82 2.7715125725338488
74.418 2.7994545454545454
77.12200000000001 1.9072998776009793
79.995 0.34183714850475033
82.715 3.3055852534562216
85.714 3.3489842931937175
88.21700000000001 0.45389912826899126
91.178 0.9143668202764977
93.851 0.9344388663967611
96.755 0.9316211180124223
99.64699999999999 0.23043488417364222
102.30799999999999 5.038350194552529
105.10900000000001 4.954605171208945
107.61099999999999 0.43210825199645075
110.225 2.3860714285714284
112.82 2.3934803738317756
115.422 2.354587978142076
118.09299999999999 0.15967773470419686
120.893 0.16168496849684968
