0.021 2.2940189274447946
0.725 2.3177653631284914
1.321 2.2927377049180326
1.921 2.311256505576208
2.527 2.293922807017544
3.225 2.25332770745429
6.115 2.714170101161484
8.909 4.414097814776275
10.907 4.792699504517634
13.408 4.153568214456678
16.209 4.832733740967203
18.909 4.78782123541133
21.509 4.795361909929463
24.31 4.094243814664868
26.811 3.2754577378521845
29.311 3.9341704363719443
32.001 3.9794725179230936
34.712 4.055155303962589
37.308 4.3974772277227725
39.912 4.674568409645082
42.711 3.017415680473373
45.217 2.326841106508085
47.819 2.829451223967848
50.611000000000004 3.540962025316456
53.209999999999994 3.6208709677419355
55.809 4.72764514024788
58.411 4.531734216126744
61.212 2.4860359281437128
64.122 2.023810381607016
66.625 2.154702732542092
69.506 2.1532918335901385
72.327 2.1545214446952596
74.925 2.1514725007596476
77.821 2.5221169305724724
80.716 4.037603541564191
83.314 4.9584016563147
86.309 4.929582417582417
89.112 1.5686391526661796
91.68299999999999 3.0063358147229113
94.40299999999999 4.088202086765513
97.309 4.8397463002114165
99.809 4.214267663371111
102.511 4.725897550111358
105.21100000000001 4.838597983101663
108.00899999999999 4.55387088132869
111.00200000000001 4.787439531166756
113.81 4.691722488038278
116.71199999999999 3.7292009517629245
119.41900000000001 2.7576975234431353
