0.007 5.509121212121212
0.306 5.531733333333333
0.605 5.484588235294118
0.911 5.452477718360071
1.508 5.423667705088265
2.507 5.363604972375691
5.008 4.890983281382828
7.6080000000000005 4.901384697699305
10.407 4.777382916908774
12.91 4.808425602660017
15.608 4.804690798563139
18.308 4.882326850507982
21.306 4.638075045919706
23.9 4.571322953289804
26.509 4.74089598108747
29.508000000000003 4.70488087431694
32.209 4.67522001020929
35.208 4.753634160415464
38.207 4.733761790567546
41.007 4.742669598680593
43.708 4.739524832994482
46.707 4.675551020408163
49.70099999999999 4.768459350684196
52.507999999999996 4.853843870584743
55.409000000000006 4.640403183023873
58.209 4.440244661218033
61.108000000000004 4.742564711705024
63.709 4.7405
66.609 4.713472812586255
69.308 4.753739703459638
72.007 4.782332107496464
74.8 4.813113725490196
77.408 4.6930634538152605
80.207 4.699226303621885
82.71 4.646940850742513
85.31 4.711973626373627
88.008 4.473710457325954
90.51 4.410715275994865
93.509 4.73273080121985
96.209 4.766507495835647
99.101 4.680335183129856
101.80799999999999 4.671630045442395
104.61000000000001 4.718016675931073
107.31 4.73030002664535
110.10900000000001 4.701216814159292
112.80799999999999 4.719550420168067
115.71000000000001 4.784727050930162
118.61000000000001 4.6975738419618525
121.30799999999999 4.794842809364549
