0.01 5.157475177304965
0.41 5.073004769475357
1.109 5.093459165154265
1.709 5.081129568106312
2.412 5.066068614993647
4.111 5.0530253741054
6.809 5.670262812089356
9.405 5.874118627765309
12.106 5.8125669848002826
15.010000000000002 5.813604020100502
17.608 5.75767417218543
20.209 5.78192368511516
23.208 5.738864935064935
26.099 5.883325145442793
28.807000000000002 5.95294693877551
31.609 5.84715246179966
34.606 5.77475157629256
37.305 3.7989614941203595
40.214 4.082216911764706
43.12 2.9076225143242334
46.11 4.405557235421166
48.911 4.287552819502586
51.703 5.133462738301559
54.206999999999994 1.6134780463739518
56.909000000000006 4.4379299847793
59.41 3.012314076193883
62.122 2.0638276976093044
65.022 2.1372713178294576
67.907 5.790464285714285
70.806 5.791163204747774
73.706 2.033594877764843
76.225 1.9740496380558428
78.725 4.4643732660781845
81.406 5.731925259515571
83.907 5.80102332155477
86.905 5.794454054054054
89.409 5.417371428571428
92.308 5.1099750148720995
95.208 5.168319709355131
98.107 3.693838209982788
100.81299999999999 3.6455431164901664
103.54499999999999 1.4485344384583507
106.215 4.270546918238994
109.001 5.350456901748041
111.90799999999999 2.9049213943950787
114.81800000000001 2.379143235371988
117.417 2.3774996211547204
120.12200000000001 2.3808715376226828
122.81899999999999 2.268371212121212
