0.08 0.6307059843885516
2.413 4.661573033707865
2.709 4.623371900826446
3.011 4.54595032198712
4.21 5.108258808456117
5.807 4.04830322173089
7.511 3.862224211232938
10.012 4.671437021927588
13.006 4.54498396904367
15.712 3.7183646882365546
18.413 3.720191698759093
21.214 4.351776455368693
24.110999999999997 4.367606622189276
26.709000000000003 4.703619638242895
29.302 4.7158118753674305
31.810000000000002 4.894787947697556
34.406 4.969482365708084
37.207 4.285070481144343
40.113 3.9986063470627955
43.112 4.343865055387714
45.706999999999994 5.083546417445483
48.507000000000005 5.130156747200943
51.007999999999996 5.240946033618402
53.7 5.246262431825473
56.409000000000006 4.909997193376368
59.007999999999996 4.86758612716763
61.509 3.6241875945537068
64.411 3.628423183072677
67.314 4.239551142005959
69.91 4.456401544401544
72.411 4.159828740157481
75.011 4.065976336961666
78.003 4.850191477587161
80.706 5.314958744915747
83.208 4.795401558441558
86.111 4.4057498073465196
88.611 4.8175181932245925
91.40700000000001 5.807889114266396
93.90799999999999 5.80842463422933
96.906 5.399044025157233
99.708 5.399464788732394
102.6 5.424136561142148
105.41 5.428661336744484
108.108 4.636410551057717
111.011 4.4455020920502095
113.911 4.978406648199446
116.60900000000001 5.177927392739274
119.208 5.17876118954641
122.108 5.199122393472348
