0.007 6.7646883720930235
0.307 6.801311475409836
0.606 6.6372098298676745
1.704 6.624851818988465
2.907 6.6262789317507425
5.706 5.0911176663389055
8.312 5.205150784077201
11.205 5.1667727016356455
13.807 5.037914215686275
16.612 4.060273280299485
19.506 4.230699756690997
22.209 4.068605708756652
25.103 2.9782146588037066
27.613 4.877547695605574
30.404000000000003 4.9212245398773
33.21 4.428977366255144
36.208 4.72100824742268
38.714 4.356450555261767
41.611 3.645016003282725
44.608 5.217366797701845
47.510999999999996 4.5028101545253865
50.400000000000006 3.9953538320330426
53.313 5.017517786561265
55.91 4.8639500297442
58.816 3.6122899029527153
61.706999999999994 5.450436245954693
64.41 4.842017180394138
66.912 3.854479354996335
69.612 4.485661150512215
72.507 4.56690055394355
75.102 4.150636876994844
77.713 4.369993896236012
80.709 4.139960321209259
83.511 4.338175954470002
86.306 5.494730952380952
89.21 5.420854614412137
91.905 4.652604665252954
94.809 4.504388044048244
97.71199999999999 4.588967741935484
100.702 4.236111522329139
103.31299999999999 3.9633289473684212
106.113 4.854602222222222
108.80699999999999 5.136285627836612
111.71199999999999 3.952096170970614
114.31200000000001 5.1157387902497735
117.21000000000001 4.228717176470588
120.012 4.6431251849659665
122.512 4.691182585034014
125.5 4.7198617283950615
