0.021 1.7050504103165298
0.922 1.7238781163434904
1.729 1.7213169230769232
2.429 1.7222382271468144
3.222 1.7091973856209148
4.129 1.679968358602505
5.736 1.3064906976744186
8.255 1.120282054667899
10.937000000000001 1.8821142068965517
13.623999999999999 2.1371248173048816
16.612 3.5481604530438884
19.309 3.0568196584756353
22.308 3.9207080745341614
24.809 3.2338658346333853
27.415999999999997 3.9740314389359126
30.113 4.112697396704084
32.909 4.301905119774542
35.709 4.351847860538827
38.612 4.057973503883051
41.609 4.336223171651168
44.206 4.599262683201804
46.808 4.925530975954738
49.406 4.43303766525318
52.199 4.031706114398422
54.81100000000001 3.735707879564382
57.607 4.450805496828752
60.507999999999996 3.9417326203208556
63.412000000000006 4.586158139534884
66.408 4.272432324243182
69.008 3.697014734144779
71.812 3.966575316752698
74.611 4.191953159307148
77.503 5.05438062283737
80.007 4.439235137102645
82.709 4.235442991511815
85.611 4.839611738148984
88.207 4.459421602787456
90.709 4.653232936078007
93.506 4.411100775193798
96.40799999999999 4.2039569049951035
99.10900000000001 4.1991356733881
101.899 4.2224131432713214
104.61000000000001 4.300842158601469
107.608 3.908590048436812
110.21100000000001 3.453097704651635
112.71600000000001 2.901993864040045
115.512 3.5860845714285716
118.013 3.36720625
120.715 1.2352465266558965
