0.012 4.488913580246914
0.417 4.425686546463246
1.212 4.440658227848101
1.912 4.445988372093023
2.718 2.873026178010471
3.954 1.977920987654321
6.811 2.7702179732313574
9.526 2.248580970050358
12.414 3.55162103071317
15.41 4.04823034330011
17.82 2.893207321131448
20.422 2.619469864507086
22.925 2.3847415002698327
25.607999999999997 2.1768527172486216
28.520000000000003 2.185188829787234
31.119 1.0678658183921341
33.653 0.8557698351222751
36.346 0.98212771560237
38.956999999999994 0.9168898128898129
41.56 0.9074460547504026
44.45 0.928158940397351
47.44 1.198951566951567
50.144000000000005 1.1461048128342246
53.074 0.9667486818980668
56.013999999999996 2.7252685887708648
58.760000000000005 1.5354830508474577
61.525000000000006 1.856605302866997
64.226 2.178727011494253
67.114 2.8135878524945768
69.911 4.303466372657112
72.811 3.8905523385300667
75.716 4.502834381551363
78.616 3.397013953488372
81.318 5.324239813736904
84.306 4.049637201140601
86.916 3.2477909486839613
89.812 6.825888
92.61 3.536380403458213
95.525 3.575819019689987
98.10300000000001 5.216943178365239
101.013 7.587911830859199
103.811 6.366691438979964
106.60900000000001 4.313957814485388
109.114 4.609923656193197
112.01400000000001 6.240675477239354
114.809 7.401996705107084
117.311 7.976166751398068
120.30799999999999 7.450343993085566
122.90199999999999 6.679827606290041
