0.013 3.217716814159292
0.518 3.224455958549223
1.018 3.167602708803612
2.014 1.5083037475345167
4.158 0.8113573188762938
6.884 1.1354472005669738
9.626 1.1987622042032102
12.241 1.1589933333333333
15.045000000000002 1.167163601161665
17.645 1.1831879331430901
20.233 1.4694539781591263
23.227 1.9788147748719331
26.013 1.7389366391184573
28.610999999999997 2.086995217719607
31.119999999999997 1.9355265017667844
33.627 1.7207269338303819
36.517 1.7343781116842343
39.023 1.910925566343042
41.824 1.8746533807829182
44.632 1.8828127388535032
47.623000000000005 2.2158533706119914
50.419 1.9746377260981913
53.108999999999995 2.2696975381008206
55.620000000000005 0.9737399053188527
58.414 1.0138029918148461
61.153999999999996 2.418244911578245
63.724999999999994 2.3642031292890473
66.426 1.1514001518602885
69.312 7.837244712990937
71.918 2.9402967984934083
74.624 2.0839343871160154
77.523 1.3087764609726196
80.054 0.9260681458003169
82.767 0.7027012765957448
85.568 1.7266403029028186
88.431 1.0023275816299442
91.02099999999999 1.7116806574699148
93.529 1.3647211922937112
96.13999999999999 1.5325790172642761
98.71000000000001 2.033467794404684
101.50899999999999 2.525184855233853
104.42599999999999 1.6655683219733852
107.315 1.6596535580524343
110.227 1.7357487190911116
112.82499999999999 1.5920215812409213
115.74600000000001 1.4964784761904761
118.63300000000001 0.8754893953365828
121.35400000000001 1.478698405765451
124.02799999999999 1.7239294710327455
