0.014 3.16175652173913
0.517 3.167022900763359
1.023 3.1148679245283017
2.021 3.1180835881753315
3.117 2.606878859857482
4.426 2.535030450669915
6.121 2.5588555280819496
9.018 2.5063208271787296
11.522 2.5707098718914843
14.217 2.532422583997229
16.724 2.507019673224408
19.316 2.4326894265826984
21.927 2.117642717360917
24.622 2.1152122448979593
27.311999999999998 2.0866819047619045
30.025 1.9955039178600378
32.824 1.9973119834710744
35.326 1.7875156407669022
37.925 1.7673146946991725
40.528 2.0070722433460078
43.321 2.2593702882483373
46.024 2.4516676291305743
48.722 2.3968455586505724
51.708 2.409025146400275
54.221000000000004 2.312136466044416
56.92 2.3095857233906947
59.623999999999995 2.401782487451199
62.327 2.4078730158730157
64.924 2.4174563986409967
67.626 2.403264852859522
70.421 2.34701429959739
73.225 2.3779582684521956
76.211 2.4026114692908043
78.726 2.401458973615541
81.326 2.402238220661399
84.321 2.4203641025641027
87.026 2.4441307627829003
90.025 2.419818240412504
92.71799999999999 2.1862616541353384
95.631 2.095304249929637
98.225 2.450089190153407
100.81 2.4506993424985057
103.726 2.2565372374283896
106.43100000000001 1.4105314989138305
109.066 1.8072914016489987
111.92500000000001 2.4729342146679256
114.727 2.453244739756368
117.52600000000001 2.4523578413618257
120.32400000000001 2.4530465949820788
