0.008 5.250570397111914
0.307 5.296340425531914
0.609 5.252845070422535
0.913 5.202108843537415
1.609 5.171279207920792
2.714 5.172287328490718
4.01 4.92587899543379
6.609 5.0003755458515275
9.309 4.9277051243632
12.214 4.774032462173316
14.908999999999999 4.838112409571508
17.609 4.892267597440372
20.109 4.920853006681515
22.812 4.848963239211508
25.802 4.757767497034401
28.713 4.853400225479143
31.311999999999998 4.815329127234491
34.209 4.7895627906976745
37.208 4.74767717797969
40.009 4.839784572230014
42.61 4.88568383233533
45.509 4.858189732142857
48.21 4.77614834721849
51.202 4.737137891077636
53.709 4.8649388209121245
56.412000000000006 4.824362073904325
59.010000000000005 4.630273979222035
61.711 4.6967502232807385
64.612 4.786130044843049
67.208 4.813211009174312
69.912 4.593897826086956
72.709 4.710201754385965
75.606 4.635967204443269
78.511 4.49817752643226
81.109 4.721814833759591
83.612 4.57253639029592
86.416 4.8129890316515205
89.213 4.407320677270395
92.211 4.730108063175395
94.911 4.690972677595629
97.61099999999999 4.715663405088063
100.50200000000001 4.59305335085414
103.40899999999999 4.636827096421743
106.112 4.879828477185267
108.81 4.7090304709141275
111.51499999999999 4.800226495726496
114.31200000000001 4.626694190504276
117.309 4.806271536102593
120.012 4.667995115995116
