0.031 1.3185929283771531
1.235 1.3297435897435899
2.236 1.3256587677725118
3.135 1.3172203389830508
4.135 1.3088448448448449
5.245 1.3096156217882837
7.339 1.3018624826949698
9.644 1.0215407585791692
12.533999999999999 1.109917683422808
15.247 0.9305210640193458
17.750999999999998 0.9801267109894408
20.720999999999997 0.9623913713405239
23.645000000000003 0.9698099547511313
26.545 0.9791749489448605
29.149 0.9826793002915453
32.052 1.0305001758705594
35.014 2.4842065404475044
37.719 1.6672263529411764
40.529 0.8239482794577685
43.275000000000006 0.8414027097802573
45.843 0.6723710021321961
48.379999999999995 0.6729722814498934
50.882000000000005 0.6739033915724564
53.471999999999994 0.6780985221674877
56.275000000000006 0.905888888888889
59.150000000000006 1.0558220368439346
62.141000000000005 0.9368118811881189
64.869 0.7999968346082829
67.549 0.9631663366336634
70.427 0.982878812860676
73.252 0.9762542635658915
76.154 1.0623136593591904
78.944 1.1615015136226035
81.716 1.0298397256002494
84.556 0.8424969721851586
87.122 0.9855828765335422
89.87 0.832742538911895
92.445 1.224909624796085
95.315 1.520463768115942
98.13 1.515060606060606
101.03399999999999 1.5022434782608696
103.93 1.5012396290873595
106.719 1.4988640483383686
109.332 1.4990371953826422
111.91499999999999 1.4925976653696498
114.63300000000001 1.6395058430717864
117.52099999999999 1.55204110228865
120.441 1.125679135494597
123.03999999999999 1.016723259762309
