0.025 1.4993896907216495
1.132 1.5123207776427703
2.028 1.5119675675675677
2.833 1.5108821385176183
3.729 1.5029149425287356
4.729 1.512443113772455
5.535 1.1527880330999365
8.441 1.2217592165898619
11.026 1.0414690886887497
13.633 1.1803525992896353
16.474 0.8343748751525912
19.222 1.2210987292277613
21.836 1.1940278551532033
24.534 1.1946910299003324
27.35 0.5852988929889299
30.095 0.5769421031902324
32.723 1.649528735632184
35.53 1.6551208791208791
38.333 0.9474952751528627
40.858 0.9694398530762167
43.525000000000006 0.8533116401483432
46.479 0.6253075780089153
49.173 0.6253772055317119
51.887 1.474206157965194
54.735 1.454810408921933
57.635000000000005 1.2428805237315876
60.147000000000006 1.0762236966824643
62.938 1.2832663812973328
65.537 0.7880895189873418
68.533 0.8951367962389634
71.38 0.563727842435094
74.285 0.5587157427937917
77.19 0.5634106705824767
79.881 1.1090347752332483
82.631 1.5121131008482565
85.332 1.2505513698630137
87.917 1.2051448646414549
90.839 1.231943560295324
93.54499999999999 1.2925533428165006
96.233 1.1131303827751196
99.03 1.4153241167434716
101.53299999999999 0.8028235754846289
104.344 0.9895059625212947
107.154 1.021108148148148
110.12100000000001 1.6694016736401676
112.827 0.7858083616723345
115.5 0.5002201068028791
118.226 1.8648976377952755
120.826 1.8518762886597937
