0.049 0.7567159209157128
2.082 0.796933066933067
4.635 1.4587431551499348
7.027 1.4611703877790836
7.928 1.4472474725274727
10.334 1.4374010152284262
12.242 1.128543386820377
15.23 1.3761388483373884
18.028 1.6102582015577058
20.835 1.2308255892255893
23.347 1.3641998877035373
26.213 1.4290440917107583
29.03 1.4798250863060989
31.53 1.0069992713140636
34.342 1.4615024390243903
37.228 1.3268623188405797
40.036 1.2849169919333854
42.929 1.4289770114942528
45.63 1.1876896046852123
48.439 1.094695278969957
51.321 1.4215062068965516
54.131 1.4572555301296721
56.93300000000001 1.2378849104859335
59.840999999999994 1.45332502078138
62.727000000000004 0.9636228034875922
65.23 1.6217229805325575
67.828 1.1066159578568675
70.745 0.8501338432122372
73.439 1.3142673796791444
75.94 1.3029857923497268
78.44 1.2937896162528215
81.239 1.0982770919067215
83.751 1.0685928161786902
86.439 1.1649271448663854
89.132 1.3284427900954847
91.94200000000001 1.3119416261292565
94.82900000000001 1.399831012962074
97.638 1.4143333961197966
100.52799999999999 1.6322942008486563
103.332 1.6259186991869918
106.12899999999999 1.5791197771587744
108.63 1.2851530177811168
111.24600000000001 1.1054006859993764
114.23400000000001 1.4434944421572664
117.22999999999999 1.2053987915407853
119.947 1.1422508383635146
122.53200000000001 1.2882031401434388
125.32400000000001 1.6486389091794498
128.031 1.2268373879641485
