0.016 2.775587786259542
0.613 2.8032432432432435
1.114 2.7971399999999997
1.623 2.7433542600896863
2.816 2.735983237297014
4.82 3.293146968139774
6.814 2.7544182509505704
9.519 1.6175206863679696
12.332 1.4612687941743414
15.145 1.3551629286376274
18.121 1.9937820206841685
21.02 1.903377593360996
23.942 1.4289394453876627
26.506999999999998 2.8357154582763338
29.012999999999998 2.403308226691042
31.82 2.7879803699509247
34.515 2.7738852223816357
37.412 2.0646013986013987
39.926 1.8768798099762471
42.724 1.8765972574911123
45.225 1.835520329387545
48.22 1.1975941075066603
50.93300000000001 0.9108689720065867
53.596000000000004 0.9652726017943409
56.43899999999999 1.100311152764761
59.141999999999996 1.2709623430962342
62.135000000000005 1.2662631970260223
64.938 1.2797972350230413
67.723 1.6674482040603853
70.223 1.667914627798022
72.723 1.877061291649527
75.411 1.7978865081233812
78.213 2.74225251742835
80.915 2.177348054679285
83.837 2.1658174142480213
86.707 7.528949152542372
89.31 7.524769032258065
92.107 2.5741288582559188
94.82 1.8275302430146665
97.72999999999999 1.6681849980567431
100.314 1.7461479786422578
102.82300000000001 1.6844782251437962
105.32300000000001 1.9456750823271132
108.018 1.8990436266146722
110.72800000000001 1.7665097858623071
113.62299999999999 2.790945648312611
116.51599999999999 3.0374040219378426
119.314 3.0335842293906814
122.11600000000001 1.8583397982932506
