0.019 2.565093474426808
0.619 2.6093081761006287
1.214 2.57208275862069
1.714 2.6013723849372385
2.319 2.5386794014645018
5.015 2.5390110935023773
7.614000000000001 2.5507464788732395
10.516 2.609626576438019
13.315 2.681864779874214
15.920000000000002 2.7767200911507786
18.614 3.085167008617152
21.611 3.704908632004038
24.216 3.4235336044935116
26.912 3.2166474642162926
29.616 3.0396347101174688
32.513 2.870934311437146
35.118 2.929864363403711
37.917 2.973441879983214
40.418 3.003293044469783
43.115 3.1621908429610612
46.011 3.1631184035476716
48.813 3.165637116818558
51.812 2.687095072866065
54.315 2.630304005147177
57.116 2.677019127773527
59.718 2.7732336571710854
62.412000000000006 2.693942086027551
65.117 2.50540107393639
67.617 2.5031791572853006
70.314 2.4626145110410094
73.017 2.429566063977747
75.517 2.427089637635092
78.22 2.6262967359050444
81.016 2.7173989501312334
83.618 2.7162303110522834
86.406 2.6093766413268833
88.914 2.5769756959787893
91.717 2.5820825309491062
94.716 2.6290488245931285
97.51499999999999 2.682744504504505
100.41399999999999 2.6868544600938966
103.013 2.78067907716786
105.91499999999999 2.8889421375085096
108.912 2.972675150703282
111.51599999999999 2.9009556313993174
114.417 3.1568677323028282
117.21600000000001 3.263806948200541
120.112 3.0741968616262483
122.816 2.516845292955892
