0.024 2.0571541725601135
0.818 2.0778631051752923
1.517 2.0719555555555558
2.133 2.027064280980782
3.717 2.0336553428042
5.418 2.0290700636942676
6.72 1.6852664277180407
8.539 0.9521768799102132
11.042000000000002 1.3881310274669378
14.015999999999998 3.349108566193312
16.811 2.4522348336594915
19.413 3.3869053991693585
22.112 2.295396363636364
25.020000000000003 1.6603187825390469
27.628 1.7598522088353414
30.604999999999997 1.5444081974069428
33.54 0.5746037595660896
36.214 0.47049121436938696
38.903 0.46456179775280904
41.406000000000006 0.46323386765310315
44.048 0.45275233309404167
47.022999999999996 0.452994617868676
49.525000000000006 0.3830070093457944
52.194 0.29618934911242606
55.156000000000006 0.29328803397451914
57.985 0.491030303030303
60.632000000000005 1.307464510332435
63.339 1.319347181008902
66.134 1.5771383554899063
68.737 2.215706390328152
71.618 2.8802275350370983
74.616 3.164369664318276
77.126 1.3027591536338545
80.108 0.6291880887268307
82.894 0.6226540241219752
85.62799999999999 1.605159347553325
88.531 2.2691379310344826
91.12299999999999 2.247490287490287
94.01599999999999 2.2620448430493276
96.916 2.2747016011644834
99.418 2.1868101265822784
102.226 1.9303295668549907
105.025 2.4456847188685753
108.013 3.77508527131783
110.61699999999999 3.2792438271604936
113.41499999999999 4.105081772498858
116.40700000000001 1.3569555440235255
119.13900000000001 0.44292274481585664
122.029 1.957583173996176
