0.031 1.5261364113326337
1.032 1.5384919653893696
1.928 1.5347818930041153
2.73 1.538930693069307
3.627 1.5292818713450291
4.537 1.5160690065437241
6.328 1.5110530262453132
8.339 0.4700479804975345
11.193000000000001 0.33612489545581264
13.916 0.50698861047836
16.804000000000002 0.5058938921087829
19.371000000000002 0.5024875301689461
22.003 0.5011566640685893
24.713 0.7016624390243902
27.369 0.8025845272206303
29.869 0.7808400852878464
32.764 0.7155433012583271
35.669 0.7356092796092796
38.472 0.6447719298245614
41.209 0.450999599839936
44.05200000000001 0.45129445438282645
47.006 0.5698525115781973
49.733000000000004 1.3703406478578892
52.516999999999996 1.2998109640831759
55.428 0.9101492461674903
57.94799999999999 0.8491482132396017
60.56399999999999 0.7331022670025189
63.166 0.6036931432450781
65.786 0.5774624060150376
68.752 0.9796483155299918
71.552 1.0194749199573105
74.446 0.9366996197718631
76.979 1.0545436498984886
79.723 0.935256549232159
82.668 0.7901265698103915
85.365 0.7950975761342448
88.065 0.7904504504504505
90.56899999999999 0.7830213101815311
93.475 0.9172643533123029
96.03200000000001 1.3786325925925926
98.535 1.7851832596828696
101.42599999999999 1.8460243133723548
104.11600000000001 1.9023450496377785
106.928 2.039731937172775
109.82 2.1526240179573515
112.418 2.3223505764114694
114.92699999999999 2.340084507042253
117.82499999999999 2.3841408450704225
120.72399999999999 2.3438356164383563
