0.052 0.9199291587602783
1.751 0.919231905465288
3.251 0.9246743801652892
4.553 0.9245026022304833
6.055 0.9201520056298382
7.555 0.9243476669716377
8.766 0.9079935629224332
11.465 0.8483896
14.050999999999998 0.8749492017416545
16.556 0.8797154150197629
19.462 0.9065640038498557
22.157 0.9045693552888642
24.86 0.8956267748478701
27.458 0.8633519366930446
30.323999999999998 0.9097408906882591
33.13 0.9062903423732973
35.854 0.9356740016299918
38.646 0.9326068111455108
41.556 0.9304303797468354
44.056 0.9021556270096464
46.757999999999996 0.902444833625219
49.748999999999995 0.9078183881952328
52.366 0.9048532046864232
55.260999999999996 0.904241013705715
57.83 0.9032827863699233
60.358999999999995 0.8904584237165581
63.355999999999995 0.8544967704051674
66.158 0.864178814382896
68.858 0.8581284916201117
71.459 0.8763851203501094
74.248 0.9100489044140998
77.056 0.8876319290465632
79.758 0.8818652385103998
82.632 0.8982357661858801
85.458 0.9303657587548638
88.15700000000001 0.9351695906432749
91.148 0.9417531305903398
93.857 0.9421538461538462
96.554 0.913006334841629
99.46100000000001 0.9004436761740132
102.05799999999999 0.8544979469951475
104.75200000000001 0.8704925690021231
107.43700000000001 0.8920533467539004
109.94999999999999 0.9153359893758299
112.548 0.9170899107755662
115.15 0.9225590778097983
117.833 0.9104242007562736
120.362 0.897128168511246
123.255 0.9024380784486558
