0.014 3.2537091722595077
0.516 3.249712793733681
1.015 3.2811026392961877
1.421 3.2130672268907565
2.417 3.244506203473945
2.913 3.0824742664742666
5.113 2.956783673469388
7.616 4.375397627643115
9.61 4.3238895608729955
12.508 4.394430995188655
15.008 4.119444681355129
17.809 4.01422816229117
20.607 5.124877935633517
23.107 4.291138142385668
25.909999999999997 4.383385792349727
28.61 4.301739695228579
31.404000000000003 3.6848746731040034
33.912 3.2420495867768597
36.609 4.941810292072322
39.308 4.764935653134493
42.009 4.102107591754651
44.613 3.7141109215017063
47.41 3.9669749999999997
50.010999999999996 3.423194473518945
52.913 5.060549609487995
55.601 5.142549007633588
58.408 4.870318678526049
60.909000000000006 4.666188701567584
63.409000000000006 5.206375609756098
66.308 5.154248288181006
69.206 5.028418798334324
72.108 5.657825485676654
74.706 5.788834874504623
77.308 5.147464265616207
80.1 5.322080138368405
82.605 5.918420979986197
85.107 5.638123348017621
87.908 5.061796110783736
90.41 4.501835443037975
93.309 4.797138865604918
96.00999999999999 4.946606451612904
98.50999999999999 4.885817165222254
101.21100000000001 4.323847172694855
103.90299999999999 3.3495879245283016
106.81200000000001 3.927818853974122
109.71100000000001 5.197237709658762
112.71000000000001 4.935237496067947
115.50899999999999 5.097603784742756
118.507 4.982304083405734
