0.085 0.5004845147969718
2.709 0.5045156059991893
5.297 0.5037622692480864
8.211 0.5114997943233237
10.795 0.5943345454545454
13.173 0.6006611177170036
14.975 0.997040650406504
16.347 1.1307252032520325
17.642 1.1122509225092252
18.858 1.3170787245541344
21.521 2.304890251379522
24.314 1.9073347193347192
27.23 1.5271790322580645
29.828000000000003 0.9172159292035399
32.469 0.6236288425047438
35.167 0.7636328502415458
37.76 0.763853626081171
40.36 1.0074648829431438
43.14 1.1514986945169712
45.953 1.1263364110798875
48.55500000000001 1.0246709237973606
51.357 0.9211494385257702
53.941 1.1862819188191882
56.741 1.6263720930232557
59.611999999999995 2.9345620915032677
62.120999999999995 1.2717108264607826
64.942 1.2300474150242788
67.524 1.129950819672131
70.058 0.8804597805181581
73.022 2.117641207815275
75.619 2.0781319796954314
78.121 2.0231054958938723
80.823 2.80749246629659
83.411 2.6980533467539005
86.023 0.8013714732012106
88.86699999999999 1.0003359385349053
91.51599999999999 3.153972958355868
94.40700000000001 4.901237597911227
97.00899999999999 4.400314769975786
99.71100000000001 1.177945569620253
102.321 1.7011642308645034
104.92599999999999 1.8121635359116022
107.52600000000001 1.5198370846730975
110.334 1.2293745661091828
113.245 1.1631218920557915
115.93799999999999 1.3295050741608119
118.834 0.9061416803953872
121.65700000000001 0.8979791469194313
124.34899999999999 0.8898878748370275
