0.036 1.2160602006688963
1.342 1.2310979228486647
2.432 1.2281624588364435
3.433 1.2299268051434225
4.534 1.2219962616822428
5.743 1.2036934635612322
8.636 1.174849172883555
11.43 1.2602341057635176
14.244 1.2908779443254819
16.744 1.2955064027939462
19.245 1.2923917995444192
21.747 1.252461433447099
24.247999999999998 1.2215462022254475
27.213 1.1999467438494935
29.744 1.2791612903225806
32.437 1.2881303841676368
34.937 1.2943314543404736
37.437 1.252113801024916
40.235 1.1984929470650691
42.938 1.2122769028871392
45.637 1.249401296198984
48.44 1.2415675060926075
51.236000000000004 1.2744567541302236
54.012 1.2834871794871794
56.937 1.2692237837837839
59.438 1.255206611570248
61.953 1.258311045437754
64.736 1.2529593059285271
67.641 1.230416442687747
70.532 1.2456499122387106
73.441 1.2466426404995539
76.148 1.2383988020963312
78.734 1.200898236092266
81.239 1.2214469842206166
84.13499999999999 1.2336424452133794
86.833 1.278033966033966
89.44 1.2871393643031785
92.33500000000001 1.25217316017316
95.231 1.257945137157107
97.733 1.2427196819085486
100.33600000000001 1.2327409800753903
103.03200000000001 1.2157212750185322
105.83099999999999 1.3225219175526954
108.333 1.2589717240264986
111.137 1.2402120918202393
113.93700000000001 1.249445292620865
116.83699999999999 1.2957078916372202
119.33699999999999 1.2889360544217687
122.138 1.2867621776504297
