0.012 3.1412699784017275
0.512 3.158984771573604
1.014 3.1606101694915254
1.421 3.102271805273834
2.511 3.109053824362606
3.615 3.086928709055877
5.813 3.0957777777777777
8.213 2.960187020237264
11.115 2.6808110019646363
13.717 2.5962727272727273
16.617 2.47483607636603
19.216 2.4571221961834615
21.817 2.5625196211096077
24.509 2.968718940207662
27.412 3.127044719314938
30.115 2.6943927397903304
32.618 2.4854154681139757
35.617 2.527008588957055
38.212 2.7302609497464267
40.823 2.3568687982359426
43.417 2.621400955531055
46.212999999999994 2.5730127946127945
48.906000000000006 2.5399173499508034
51.515 2.8910293509714755
54.513999999999996 2.7078055032039203
57.215999999999994 2.5349702693249387
60.120000000000005 2.33472268907563
62.92 2.7734686785550986
65.714 2.692866435986159
68.215 2.6561714869003064
71.214 2.5604367900329787
74.206 2.5735166835187058
76.716 2.5788718552302483
79.619 2.3456966277727918
82.519 1.8048974484309317
85.322 1.8622776818742293
87.924 1.9259233817701453
90.52600000000001 2.0195524475524476
93.32300000000001 1.9769703562686973
96.12200000000001 1.8295935119193905
99.00999999999999 1.8758809068560502
101.727 1.9100955043093408
104.62299999999999 2.0426505329876115
107.22 2.0025124646620407
109.72300000000001 2.002597755155312
112.62299999999999 2.0098521360961885
115.125 1.961582054309327
118.12100000000001 2.181365979381443
120.814 2.6527131782945736
