0.033 1.0976664150943396
1.446 1.1083170080142475
2.657 1.0866812559467174
5.437 1.1072626892252895
8.137 1.0987697478991598
9.438 1.0856859676577988
12.349 1.018433853507662
15.059999999999999 0.8830952430519413
17.742 1.1061284403669724
20.442 1.1117282717282717
23.042 1.109208211143695
25.82 1.1025454545454545
28.552 1.1468675324675326
31.341 1.1079144842330304
34.12 1.206728107214981
36.629 1.2873208994247864
39.442 1.0039714396988186
42.25 0.9100664652567976
45.156000000000006 0.9068348183687457
47.75 0.9067160096540627
50.331999999999994 0.9055046661880833
52.846000000000004 0.972978102189781
55.745999999999995 0.9786374429223744
58.32599999999999 0.9761864879955332
61.147000000000006 1.0433998547567176
64.14 0.9729467042556048
66.748 0.9021748295102294
69.454 0.9139157245632066
72.048 0.9459892224788299
74.622 0.965952366596322
77.55 0.9735867354047653
80.345 0.9979903280616912
83.33 0.9997876306128212
86.041 1.0089135802469136
88.94399999999999 1.018909090909091
91.446 1.0145218080888183
94.34899999999999 1.0272000000000001
96.946 1.0312014260249556
99.524 1.0523699582753825
102.047 0.9987410786155084
104.66999999999999 0.7706014362657091
107.333 0.782390332326284
110.15799999999999 0.8485609934258583
113.14699999999999 1.0128552534900808
115.65199999999999 1.0153495440729483
118.553 0.9662417906776534
121.249 0.9183142185988669
124.144 1.0362656871747782
126.744 1.04351993029841
