0.022 2.1325630498533723
0.823 2.1608333333333336
1.522 2.155791907514451
2.12 2.1475924006908462
2.824 2.1200824211204123
4.422 2.106661406969099
7.022 2.107686936281641
10.019 2.1046628628131976
12.621 2.486393586005831
15.415 2.586170498761938
18.313 2.640868282402529
21.212 2.6640377495462793
24.015 2.663434599156118
26.605 2.681640362225097
29.316000000000003 2.713892650701899
32.311 2.7212085482682387
35.12 2.6593368176538905
38.116 2.660438559664137
40.915 2.5962016659359928
43.813 2.6696320594151324
46.315 2.680385019710907
49.016000000000005 2.62858574879227
51.906000000000006 2.619826792963464
54.415000000000006 2.636034677723332
57.116 2.641105882352941
59.915000000000006 2.645065693430657
62.711 2.702476310009413
65.519 2.713983286908078
68.516 2.70503441084463
71.515 2.7030775623268695
74.512 2.682315547024952
77.407 2.6886
80.312 2.694252663622527
83.014 2.6848077795786063
85.712 2.6807472240365775
88.311 2.6807014554490594
91.215 2.6861796407185627
94.019 2.6772223780582824
97.016 2.659856653162979
100.01599999999999 2.66061676739501
103.013 2.6898306490192954
105.917 2.6792224436608922
108.52099999999999 2.6855598797658597
111.422 2.6998530838530836
114.412 2.706155908289242
117.31299999999999 2.685069036226931
119.81299999999999 2.6862732417138235
122.41399999999999 2.6794459833795012
125.01599999999999 2.6794183445190156
