0.01 3.8173438320209976
0.513 3.817914110429448
0.912 3.7721720430107526
1.711 3.7763456790123455
2.607 3.767148741418764
3.512 3.749832650672908
5.308 3.671626964014192
7.413 3.016360882449786
10.117 2.8080177595628415
13.015999999999998 2.7324213509683513
15.922 2.413013599777963
18.714 2.2126692794694
21.619 2.8054844444444442
24.604999999999997 2.823163772557031
27.115000000000002 2.811397775876818
30.018 2.671016274864376
32.916 2.6902590866728797
35.615 2.6718371040723983
38.315 2.9103734806629835
41.111 3.4149907578558225
43.813 2.692650811627029
46.517 2.393312871907297
49.508 2.0817763440860215
52.318 2.13018580566555
55.224999999999994 2.192190418065304
58.120000000000005 2.2055629945222153
61.019999999999996 2.4792147380541163
63.617999999999995 2.4808081799591
66.119 2.6361395492435937
68.717 2.354885745375408
71.622 2.303835377487054
74.205 2.4178670044331856
76.92 1.8262821769409339
79.425 1.6729210260553422
82.411 3.161959938366718
85.116 2.758048210372535
87.919 2.1882536585365857
90.722 1.784810078440694
93.52699999999999 1.96255939524838
96.315 3.294077876106195
99.30099999999999 3.5657320872274143
101.811 3.560590534085975
104.71199999999999 3.173569639184894
107.61699999999999 2.8436354316834853
110.41999999999999 2.5898232784887263
113.12 2.6940560635586865
115.91499999999999 3.5004730031236053
118.51499999999999 3.190247224278312
121.01599999999999 3.222608597920764
