0.015 2.565093474426808
0.619 2.6038493723849374
1.219 2.578009216589862
1.718 2.5959415448851773
2.323 2.5444265842349303
3.715 2.5400174395560837
6.317 2.540904945633111
9.218 2.5355337716676627
12.118 2.776827024827025
15.114 2.9093131715081575
17.715 2.8544236902050115
20.414 2.831567901234568
23.114 2.813821693907875
26.101 2.812629579375848
28.615 2.8077949594190517
31.514 2.8038572513287776
34.219 2.8172119347892957
36.816 2.819800787266815
39.717 2.6647379631018446
42.517 2.784223333871228
45.315 2.790387140902873
48.218999999999994 2.772130552459799
51.116 2.8517406931964056
53.919 2.4546082257580304
56.727000000000004 2.399193758127438
59.418000000000006 2.865749308026888
62.016000000000005 2.8623436357593888
64.614 2.866529300567108
67.316 2.862222876057374
70.116 2.859519413919414
72.915 2.85201306122449
75.415 2.7887596785975166
78.219 2.791993690851735
81.003 2.8048195055875382
83.517 2.8373480815762187
86.018 2.8378564449455093
88.715 2.8213333333333335
91.319 2.8185795795795796
94.118 2.8153834237025563
96.818 2.7794981382548163
99.618 2.8268691134573487
102.219 2.8575160235448007
104.917 2.835380658092534
107.517 2.8094344041778765
110.416 2.824322977238744
113.018 2.8291364782138997
115.91499999999999 2.855969058874087
118.81700000000001 2.8509305263157896
121.31700000000001 2.856768038163387
