0.033 1.1588908366533865
1.445 1.1686760563380283
2.646 1.1546501547987615
3.741 1.16646904315197
4.943 1.151
6.143 1.1706975666280417
7.153 1.1454064149411287
9.752 1.1429201131617945
12.742 1.14416635921516
15.338999999999999 1.1434319674695028
17.846 1.1469949656750573
20.545 1.1559968498976216
23.537999999999997 1.175473491773309
26.238 1.1703889340927582
29.217 1.1657898832684825
32.144 1.1557049309664693
34.741 1.1496009557945042
37.345 1.1528995363214838
40.047 1.1433459701924469
42.548 1.131359461114513
45.141000000000005 1.1438152661962797
47.937 1.1152791519434628
50.647000000000006 1.1001812080536912
53.45 1.1134802831142567
56.039 1.0877310162448055
58.754000000000005 1.1126739926739926
61.732 1.121019393466094
64.539 1.1318484791938794
67.045 1.1422844561867018
69.939 1.1448141956298576
72.838 1.1553834862385322
75.545 1.1381246612466125
78.42 1.1262550437761707
81.142 1.1245134490977187
83.642 1.1254661522272886
86.641 1.1331605896043446
89.346 1.1321483207144245
92.143 1.1447928037810642
94.85 1.1471232444374309
97.84100000000001 1.1549202606267452
100.441 1.1790278884462153
103.03999999999999 1.1458902654867256
105.744 1.1361618320610687
108.44800000000001 1.1458819617622609
111.245 1.1456913137114142
114.144 1.1540117508813161
117.04499999999999 1.1442561983471073
119.947 1.119537037037037
122.642 1.0710485133020344
