0.069 0.5613307603241992
2.789 0.5609013068949978
5.181 0.5591484257871064
7.29 0.5657215650591447
9.683 0.623824427480916
11.87 0.6664327176781003
13.471 0.9318844984802431
14.852 0.9271946666666666
16.459 0.9346356589147287
17.866 1.2130585697693712
20.516 1.6597245033112584
23.136 1.4794243096149968
25.729999999999997 1.3952492171670658
28.240000000000002 1.248551724137931
30.938000000000002 1.27656787725772
33.737 1.289793922458959
36.532 1.2530123136746598
39.344 1.2037242757242756
41.93600000000001 1.201700272479564
44.637 1.3449260143198092
47.547 1.3483541212385521
50.432 1.3659914602903502
53.339 1.2721899485555996
55.93899999999999 1.281311835837303
58.536 1.1995004174319586
61.143 1.1977326061807967
63.840999999999994 1.1214572916666665
66.629 1.3491049822064058
69.239 1.2674892508143323
71.931 1.2383388324873097
74.835 1.2873962264150944
77.635 1.2961975308641975
80.238 1.2436620428751575
82.738 1.1973919413919414
85.441 1.190613729128015
88.238 1.297197158081705
91.137 1.2549378093393586
93.84100000000001 1.240491657029572
96.537 1.2358585515130909
99.53399999999999 1.2511959663865546
102.03800000000001 1.2165810451727193
104.74100000000001 1.1918662790697674
107.24199999999999 1.1976082474226806
109.83500000000001 1.1822435677530019
112.64500000000001 1.3355213389121339
115.63 1.3394693877551018
118.53999999999999 1.2272585727525487
121.33600000000001 1.1655982096746427
124.238 1.285430641266434
