0.051 0.7806806226516371
2.068 0.7907496823379924
3.764 0.7759056865464632
5.367 0.761921568627451
7.159 0.7571140706427331
8.965 0.7642299546142209
10.464 0.7230896226415094
12.262 0.7074221770091557
14.38 0.6192288981666364
17.088 0.501957600360848
20.031 0.4087608069164265
22.68 0.40387455544778533
25.421999999999997 0.48435706214689267
28.133000000000003 1.584149779735683
31.130000000000003 1.3439067675322018
33.631 1.7401885014137606
36.609 2.4787153846153847
39.318 2.750664596273292
42.011 4.844674432863274
44.711 3.891542917324908
47.217 2.064495513748191
49.734 0.7649497497497498
52.426 0.334248694376106
55.336 0.48299649122807015
58.287000000000006 0.6349551108707409
60.788 0.6394101765316719
63.385000000000005 0.6706027649769585
66.154 1.2261192052980132
69.035 1.1133708724365659
71.619 0.4416352860096485
74.452 0.8157540563620838
77.245 0.5990984308131241
79.988 1.6952106038291606
82.712 3.7465673352435527
85.614 2.355365279770445
88.23 2.128992387933465
90.826 2.8475078125
93.41 4.171497777777778
96.311 4.106960451977401
99.12 3.833212770707747
101.71700000000001 3.535512051980717
104.61099999999999 5.750762750904903
107.213 5.770028552005439
110.21000000000001 5.12198961338719
112.715 2.804751691140076
115.32400000000001 2.4071856415751407
117.92500000000001 2.18146829810901
120.917 2.0239605541206855
123.52000000000001 3.5939984996249064
