0.037 1.238848381601363
1.338 1.2572121212121212
2.436 1.252918253079507
3.436 1.2547487386478307
4.534 1.245272380952381
5.749 1.2774496240601505
7.838 1.550539383561644
10.629 1.488925236925237
13.431999999999999 1.469451647641611
16.137 1.3939187797902763
19.028 1.380564083731179
21.533 1.3609167439273133
24.527 1.3812760472610095
27.028 1.3777854406130268
29.634999999999998 1.3722503816793894
32.232 1.380183143337694
34.734 1.394948051948052
37.335 1.3964745762711863
40.037 1.3665970252507782
42.931 1.3582135636831465
45.43300000000001 1.359411473222794
48.239999999999995 1.3483719912472647
51.037000000000006 1.3775378151260504
53.629999999999995 1.3957313054499365
56.533 1.3658557874762807
59.227999999999994 1.3560714285714286
62.028999999999996 1.352222310440651
64.634 1.3612154398563734
67.236 1.3558160278745646
70.033 1.369559298245614
72.835 1.3623380775979723
75.532 1.3775255276925853
78.134 1.3727212097712294
80.936 1.343274732403503
83.743 1.322876390008058
86.53200000000001 1.3930796375774916
89.232 1.3913932827735644
92.12899999999999 1.3919730510105872
94.83699999999999 1.3953969571230982
97.63300000000001 1.4002867383512543
100.43299999999999 1.3815328907664455
103.03299999999999 1.3619066600232521
105.637 1.3904765640321632
108.328 1.4003910855499642
111.035 1.3471381913959612
113.833 1.3113857452845936
116.44300000000001 1.2021897412619156
119.23599999999999 1.1400336943441636
122.154 0.9745987624940504
