0.015 2.2868050314465407
0.72 2.322089552238806
1.319 2.2974455852156055
1.922 2.2725408618127787
3.315 2.6255885167464115
4.621 2.2282559109874827
7.614 2.4783167978104688
10.116 2.713110329389191
12.812 2.69990660862683
15.413 2.369887844408428
18.118 2.0216595859101907
20.923 1.9697863660762212
23.717 2.1188274125874127
26.607 1.9537304429783224
29.417 2.394553005464481
32.214 2.7072434017595306
35.011 3.1071080755323424
37.607 4.807131614654003
40.109 4.751486493714896
42.908 4.8262467132867135
45.607 4.906248947684907
48.508 4.939504113475177
51.107 4.684250922509225
54.008 4.182250639386189
56.510000000000005 3.08215644820296
59.31 4.078916929038508
62.199 4.322215606675688
64.71 4.202553010122536
67.511 4.573356186395286
70.307 4.241332680058795
73.013 3.517591344153142
75.909 4.813113725490196
78.507 4.824825763831544
81.208 4.687186266974122
83.708 4.205534396355353
86.401 3.827624191028788
89.01 3.8793250820914373
91.51 4.067172348484848
94.31 4.32285641934667
97.30799999999999 4.512210249671485
100.208 4.562598863943738
103.00899999999999 4.256348757915246
105.709 4.193533596837945
108.31 4.413927399303828
111.101 4.753803131991051
113.70599999999999 4.8983505042245845
116.40700000000001 4.8348597842835135
119.207 4.9075138058639345
121.80799999999999 4.8169945401091985
