0.015 3.0683713080168777
0.617 3.088436724565757
1.12 3.017737634408602
2.112 3.025558852621167
3.213 3.023404958677686
4.417 3.086928709055877
6.614 3.263117117117117
8.911 3.39763556267521
11.515 3.577061561888188
14.213999999999999 3.6572408851422553
17.013 3.671489864864865
19.814 3.433976316864026
22.81 3.696299456294437
25.712000000000003 3.5073233140655105
28.514000000000003 3.3605345622119818
31.412 3.3997757156959527
34.303 3.037730016583748
36.918 3.0463078245915733
39.813 2.8912052689352357
42.614 2.826019120458891
45.315 2.8866175637393767
47.91 3.6200132638559928
50.611999999999995 3.60867101584343
53.312 3.5680612244897962
55.812 3.4771577928363993
58.604 3.5337490558120015
61.412000000000006 3.601710956587108
64.315 3.705116016909347
67.214 3.8908434723171568
70.211 3.5609049773755657
73.117 3.348958795562599
75.713 3.5834861313868616
78.616 3.6223583384996902
81.514 3.5039433058800995
84.501 3.4782019593067073
87.413 4.778931178601281
90.11099999999999 6.856360714285715
92.90799999999999 4.520983157894737
95.81 4.298907076303197
98.416 4.093695755841678
101.213 4.0180867079561695
104.011 3.9891732481168685
106.511 4.006472504130281
109.50299999999999 4.4459844728274485
112.114 4.4455020920502095
115.011 4.244697213037317
117.81299999999999 4.212975295381311
120.61099999999999 4.23485531810366
123.315 4.252600667408231
