0.019 2.469283531409168
0.721 2.5043058350100607
1.32 2.475345132743363
1.825 2.45099358974359
3.121 2.4570805970149254
4.519 2.44225
7.22 2.4448599392507595
9.818 3.444537555826228
12.407 4.421687621516527
14.51 4.29307339988256
16.308 3.950062698773285
18.813 3.8772743199631168
21.713 4.154101997649824
24.514 3.69979837398374
27.512 3.3250138860103626
30.415 3.645187129551228
33.211 4.442763036623817
35.916 4.377283740701381
38.5 4.544847275518036
41.012 4.865716864072194
43.61 4.758875473899096
46.11 4.198638051603568
48.812 4.375196454948301
51.412000000000006 4.4838497395119274
54.111999999999995 4.5677075718015665
57.010999999999996 4.505577314071696
59.812 4.473553688141924
62.399 4.64011294117647
64.907 4.56479871692061
67.71 4.463294663573086
70.709 4.509347559349159
73.514 4.53013867650936
76.411 4.568306489444879
79.312 4.602286289308177
81.909 4.724231320368475
84.41 4.81110350631136
87.2 4.7800336134453785
90.013 4.743162893429044
92.71100000000001 4.744569205113952
95.41399999999999 4.744117159436309
98.11099999999999 4.681634193727449
100.814 4.517076247092271
103.81200000000001 4.402340248962656
106.71100000000001 4.2582911969297195
109.51499999999999 4.374575398867731
112.19999999999999 4.164051899907322
115.112 4.123290407358739
118.00999999999999 4.353559595959596
120.511 4.595057692307693
