0.053 0.870902994011976
1.861 0.869769392033543
3.458 0.8747896794370602
4.849 0.8683351955307264
6.349 0.8705299600532623
7.959 0.8754870017331022
9.252 0.8734757834757835
10.754 0.8622393056416615
12.463 0.8549704260651629
15.052 0.8159714285714286
17.667 0.6631911163062537
20.644 0.636040733197556
23.278 0.6854840085287847
26.264000000000003 0.7671509333333334
28.781 0.6613863134657837
31.487000000000002 0.5540302571860817
34.051 0.6162715754243365
36.757 0.8846754772393539
39.751 0.9156207612456748
42.355 0.9200391836734695
45.331999999999994 0.892687898089172
47.867999999999995 0.7873866601033719
50.736999999999995 0.7949614243323442
53.354 0.7898908673176336
55.967 0.7263708796764409
58.632000000000005 0.7415819093420648
61.563 0.6702938737908797
64.384 0.6528928046989722
67.377 0.6505240868184224
70.049 0.650071973827699
72.976 0.6434090704984283
75.582 0.5851853228053878
78.393 0.6899888059701492
81.257 0.7996842615012107
84.09 0.6256537287396423
86.981 0.4786053123830902
89.817 0.44651399491094146
92.81200000000001 0.44309423849933005
95.715 0.5543175232575873
98.501 0.4899665169456921
101.107 0.46330489236790606
103.827 0.36557199322416717
106.53299999999999 0.3707883817427386
109.33099999999999 0.5446448044251284
111.989 0.4972575167471569
114.625 0.4456686942990522
117.412 0.47234242910647406
120.34700000000001 0.5401185860889396
123.30199999999999 0.5489975550122249
