0.03 1.3067457322551663
1.234 1.317079365079365
2.235 1.3132112676056338
3.132 1.3158264550264551
4.132 1.3062297702297703
5.234 1.3137997399219767
6.142 0.5981438361819834
8.951 0.5392756882512602
11.658999999999999 0.9463736263736264
14.55 1.414687306501548
17.326 0.7548746987951808
20.116 0.577790934320074
22.921 0.49233078101071975
25.704 0.8044787472035795
28.639000000000003 1.3290723606168446
31.537 1.325154491017964
34.445 0.6507321911632101
36.98 0.6240752980548002
39.878 0.9297765284609978
42.433 1.4892271762208067
45.431 0.8307514558583742
48.14 1.5749892827699918
51.122 1.8902143031486454
53.82599999999999 1.891130340724716
56.623999999999995 1.4589374492282698
59.166 0.761449884429502
61.754000000000005 0.8682625298329356
64.556 0.9750438596491229
67.552 1.0072459016393442
70.349 1.055357048748353
72.914 2.8360074580484773
75.626 0.9437182054134223
78.391 1.3468700779912497
81.255 1.3074399368587215
84.223 0.9039145468560731
86.92699999999999 1.7993136427566807
89.726 1.7785135135135135
92.61600000000001 1.7424819277108434
95.32300000000001 1.7444472622478386
98.125 1.7647882552230378
101.025 0.8166963967178024
103.541 1.2155410613697006
106.44200000000001 1.2148800548320766
109.33500000000001 1.2702601891098793
112.029 1.7693616236162362
114.928 1.9548424981338641
117.52099999999999 1.9364335664335666
120.023 1.8182749638205498
122.52600000000001 1.8977126969416127
