0.052 0.7567159209157128
2.07 0.7664039408866995
3.877 0.7637242320819113
5.47 0.7609889840881273
7.263 0.7562382880277617
9.167 0.7648084784254353
10.568 0.7579480840543881
12.266 0.7558652173913043
14.28 0.7346467104554754
17.16 0.740439943285396
19.662999999999997 0.7368311688311688
22.531999999999996 0.734382128159906
25.365000000000002 0.7472213829169088
28.168 0.7406838311019568
30.778 0.7266160064672594
33.666 0.7469943906170321
36.265 0.7386509723643808
38.77 0.7307871287128713
41.561 0.7599494543365881
44.483000000000004 0.6625796590241034
47.275000000000006 0.6542056707575116
50.184 0.5689481748535375
53.096000000000004 0.6259742243436754
55.875 0.7749697396199859
58.459999999999994 0.7811242539338036
61.271 0.7586413586413587
63.881 0.7331907721120287
66.77 0.7632961373390558
69.567 0.7407112718505124
72.536 0.7409770043505283
75.26 0.7890776942355889
77.962 0.7761938923897237
80.757 0.744531650893796
83.359 0.7550945391558027
85.96600000000001 0.7721334768568353
88.964 0.7867847478474784
91.762 0.7928313253012048
94.761 0.7943058446757406
97.66399999999999 0.765263211125158
100.26599999999999 0.7608179162609542
102.964 0.7845949474879365
105.566 0.7502536585365853
108.261 0.74905485656769
110.863 0.7537076526225279
113.66300000000001 0.8202578268876611
116.457 0.7740619164619165
119.34 0.7955614298588165
122.25899999999999 0.7360539189042287
125.07 0.7440523255813954
