0.009 5.615474903474904
0.308 5.63185520361991
0.607 5.52459842519685
1.208 5.511423423423424
1.812 5.533593277310924
2.508 4.951546063117628
5.209 4.521949174744564
8.107 5.672252631578948
10.906 5.292485355648536
13.611 3.919947594307658
16.608 4.820675353479346
19.306 4.221791164658635
21.913 3.4828973399014775
24.801000000000002 6.083893048128342
27.406 6.693029620358781
30.404000000000003 6.243605511240029
33.205 7.929658874458874
36.106 7.179126797385621
39.004 5.863302970297029
41.606 4.517892642052893
44.517 3.3806057592707686
47.411 6.472770260223048
50.401 4.474332326283988
52.912000000000006 4.05469873543268
55.509 4.7358743909041685
58.30800000000001 4.773766439909298
60.908 4.036374052232519
63.712 3.1514950059928086
66.316 2.743719794344473
69.111 4.194069767441861
71.812 3.280082266201009
74.707 3.2617342444950648
77.614 3.7590804203302595
80.307 3.7915208290155444
83.211 3.6968954745694833
85.812 3.3696628683693515
88.51499999999999 2.435883901665345
91.42099999999999 3.1591338250790306
94.31899999999999 3.554679706601467
96.91300000000001 3.5265826622453815
99.614 2.7985330073349632
102.12299999999999 2.418890855457227
105.118 2.329950706539599
107.71799999999999 2.5396923076923077
110.417 1.918467616904226
113.02699999999999 1.8317817673117276
115.60900000000001 1.8826742209631728
118.22200000000001 2.0693643031784843
121.124 2.20875979714154
