0.043 0.9084372267332917
1.751 0.914504041146216
3.258 0.9111205211726384
4.553 0.9129632892804699
6.074 0.8968913102696813
8.864 1.9164066985645933
11.826 1.8738023797206416
14.818999999999999 2.701877707006369
17.514 2.480066884769175
20.312 3.3567970615243343
23.113 2.0861687014428414
25.818 2.6563242851972495
28.621000000000002 1.9741485535574668
31.208 2.0382576204523106
33.826 2.181562562230335
36.413 4.752483912483913
39.009 5.83667320754717
41.909 5.210082352941177
44.813 5.469768472906404
47.609 6.4839654265313795
50.308 6.498679410593389
52.906 3.1276723549488055
55.516 1.784879783067189
58.025000000000006 1.4718811881188119
60.709 6.001510442773601
63.507000000000005 5.420703066566941
66.103 3.251010008481764
68.629 2.3560908004778973
71.412 3.8635547511312214
74.408 9.29813104189044
77.305 10.409817733990149
80.005 10.270661087866108
82.704 9.695017699115043
85.605 8.277867873303167
88.407 7.0574525993883785
91.3 5.980329149232915
94.209 5.72641610738255
97.009 4.724899889989
99.71 3.010220419679069
102.41999999999999 3.790894237138441
105.00899999999999 5.2646466916354555
107.80799999999999 4.802574333608134
110.50999999999999 4.956328175182482
113.50800000000001 5.083853379152348
116.30199999999999 5.325689223057644
119.108 5.429621752265861
122.011 4.34481307117142
124.71100000000001 4.0083924668681705
127.613 3.8230880000000003
