0.045 0.879859649122807
1.85 0.8846055437100213
3.353 0.8844711462450593
4.756 0.8837640369580667
6.246 0.8804956228956229
7.855 0.9052974910394265
9.032 1.3999543378995434
10.042 1.3387874388511913
12.931999999999999 1.307023754789272
15.731000000000002 1.3341430656934306
18.334 1.351042587601078
21.034 1.3601601186063752
23.534 1.3475908201387654
26.232 1.3590611375184396
28.935000000000002 1.3866435643564357
31.83 1.3848610763454317
34.742 1.371329216152019
37.435 1.3574631483166515
40.229 1.3531142618849041
42.733 1.34977899543379
45.32899999999999 1.353221779548473
48.229 1.3607279202279203
50.932 1.3593484289977182
53.733000000000004 1.3511205564142195
56.536 1.350086074046232
59.434 1.3600075060987051
62.331 1.3675439822165767
65.232 1.420511182108626
67.928 1.3995899772209568
70.429 1.4009776733254993
73.332 1.3837489135683245
76.033 1.3686222222222222
78.934 1.3598033416554638
81.736 1.358031152647975
84.438 1.3633031057963794
87.03299999999999 1.3727569532812216
89.62799999999999 1.3511807228915664
92.53800000000001 1.3517004500450045
95.231 1.3726057401812688
98.13 1.3612389833607605
100.72999999999999 1.3562944062806672
103.328 1.3644425711275026
105.83000000000001 1.3518365122615803
108.62799999999999 1.36855893832943
111.32900000000001 1.3770043140638482
114.23500000000001 1.3805574057843997
117.12899999999999 1.3708415841584158
120.03 1.3695307443365696
122.53399999999999 1.364900284900285
