0.012 3.4464644549763035
0.515 3.466963788300836
0.917 3.4059417475728155
1.811 3.402491657397108
2.812 3.408372670807453
3.816 3.4069452418926103
5.81 3.6828266395526184
7.812 3.0616730422230245
10.712 2.2491795923950213
13.61 4.819108025548458
16.312 4.819339246119734
19.011 4.600551422319475
21.711 4.623516609992152
24.613 4.367324376199616
27.414 3.196491731420602
30.009999999999998 4.42783851889946
32.703 1.602722197917578
35.249 3.296912827781715
38.208 4.081110933758978
41.016 3.8230936368339368
44.012 2.740235113330772
46.745000000000005 1.157154451847365
49.43899999999999 2.777692969870875
52.312 3.9985134362492856
55.11 3.9733451327433627
58.009 3.995303197353914
60.913 2.9072669902912622
63.623000000000005 2.469304116450149
66.613 3.8299133858267713
69.213 3.2325002070393376
71.716 2.684376488666923
74.421 2.3853870665417056
77.225 2.6769361058601135
79.914 4.153777331995988
82.701 3.8113740710156896
85.61 3.676652518756699
88.316 3.8482204961162614
90.924 2.395723887881746
93.72800000000001 1.8732535937671457
96.417 2.8274272692745916
99.119 2.298393574297189
101.72300000000001 2.287319386331939
104.422 1.8786539480657127
107.33000000000001 1.2371825976500477
110.225 1.6372069995731968
113.025 1.814856086856087
115.936 1.0052700045378915
118.838 0.7258747855917667
121.72800000000001 1.5122836041358938
