0.074 0.5848041817450744
2.684 0.5912779097387173
4.976 0.5898028465998946
6.975 0.5907154394299288
9.182 0.5524021968736798
11.689 0.39996516231195567
14.463 0.3672836178496556
17.038 0.4208145234493192
19.994 0.4782546608488695
22.716 0.47967241379310344
25.22 0.4582875605815832
28.069 0.6120450759431652
30.788 0.5428315745040102
33.323 0.39812945354565243
36.238 0.49183845478489907
39.182 0.6160935412026726
42.079 0.42134695664866445
44.639 0.4331157440690151
47.142 0.5013535430087154
49.894 0.4261397326852977
52.772999999999996 0.359466514676546
55.483999999999995 0.305541142303969
58.34 0.3852573443008226
60.893 0.5138740083994401
63.685 0.39872926187508656
66.658 0.3279637816245006
69.211 0.3586906581217648
71.917 0.3905314009661836
74.447 0.41683853459972864
77.257 0.4850414971521562
79.908 0.5356530841121495
82.884 0.5752986301369862
85.847 0.6105390012381345
88.374 0.6936615384615386
91.37 0.5887530275229358
93.982 0.7762815533980583
96.754 0.8488142762723067
99.37899999999999 0.47650057113846933
102.001 0.2783482875060299
104.822 0.42265868263473055
107.322 0.4556366435719784
110.108 0.45164143704220444
112.61000000000001 0.4370504138449962
115.40899999999999 0.39783434343434343
118.029 0.35675600760031295
120.67500000000001 0.36111449520586575
123.41499999999999 0.43038184663536777
126.27600000000001 0.43140619307832423
129.14 0.3825212947189097
