0.02 2.05135119887165
0.824 2.0675083056478405
1.515 2.060508287292818
2.123 2.015046113306983
3.718 2.02490036900369
5.415 2.0178242280285037
6.725 2.5232044583768722
9.708 2.15381975120589
12.235 1.4119751655629138
15.120000000000001 2.0135235472321673
17.813 1.949831950207469
20.726 2.2153407787503774
23.619 2.3940606826801516
26.412999999999997 2.8572129565816677
29.103 1.0508470023980814
31.945999999999998 1.6690079096045196
34.94 1.695219640508549
37.613 3.118711267605634
40.515 1.9928534678436318
43.108 4.446474127557161
45.808 4.156662004662005
48.608 5.431306325515281
51.605 6.681221052631579
54.307 6.677256022866476
56.807 6.7912732919254655
59.504999999999995 6.594302270947534
62.105000000000004 6.6039641626464505
64.606 6.431465144720749
67.108 5.068837043633125
69.61 5.803928930606772
72.395 6.575474134577985
75.006 6.550825772016775
77.707 6.4136816684961575
80.507 6.374246689895471
83.01 6.392761772853186
86.006 6.479631280695126
88.706 5.795565283018869
91.406 5.035092614302462
93.908 4.650220648324708
96.898 5.268168149739184
99.711 5.622642666666667
102.308 6.286535251798561
105.207 6.305878157503715
108.005 6.374440215439857
110.907 6.493353705118412
113.608 6.43007084078712
116.50399999999999 5.979085365853659
119.209 5.317734731647131
122.19999999999999 4.276384787472036
