0.022 2.0228205841446454
0.831 2.0043467336683416
2.53 2.0092040057224607
5.123 2.060780568589567
7.818 2.0321080530071356
10.319 2.125527031509121
12.918 2.132377928949358
15.82 2.1642591836734697
18.32 2.201569538560826
21.021 2.2021397590361445
23.92 2.202915909756812
26.61 2.204031231231231
29.520000000000003 2.203260034904014
32.024 2.19645880794702
34.917 2.1779483101391652
37.518 2.16643003813435
40.02 2.16687923788176
42.72 1.9622575463860426
45.422 2.0454734662179654
48.323 1.4878276625729816
51.117000000000004 1.7154478114478116
53.818 2.161156108597285
56.419 2.156560289612921
59.119 2.180667290302463
61.917 2.1895178299298994
64.821 2.1889096949562066
67.722 2.189321809862735
70.719 2.1913208092485545
73.518 2.190369828314101
76.311 2.140523169728544
79.018 2.119973300970874
81.918 2.1466471745853246
84.517 2.1880395550061804
87.317 2.1871222603644047
90.217 2.180777895855473
93.018 2.1774901960784314
95.518 2.1784445274561075
98.32 1.1699432845123092
101.00800000000001 2.082303065024348
103.62299999999999 2.151623121387283
106.619 2.1962264150943396
109.32300000000001 2.10852147081512
112.31800000000001 1.9787998883617082
115.02199999999999 1.99994250513347
118.02099999999999 2.0684691291453223
120.82 2.0332587991718425
123.721 2.1266688
126.60900000000001 2.124556008785692
129.42 2.2067250115154304
