0.074 0.5366819188191883
2.896 0.5430366492146597
5.389 0.5373948126801152
7.605 0.5427568747271934
10.098 0.5358754098360656
12.695 0.5345566137566137
14.715 0.29999021526418784
17.7 0.2850567739290838
20.658 0.8320772946859903
23.258 0.843060606060606
26.162 0.8589856169568509
28.723 0.8846912181303117
30.255 0.9018008415147265
31.761 0.5521129311492875
34.426 0.4053574529667149
36.928 0.13466033832298893
39.503 0.16077188068897913
42.245999999999995 0.8985294556301268
45.155 1.059305044035228
48.032 0.7271277419354839
50.724000000000004 0.6140568023833168
53.351 0.17774123609742365
56.04600000000001 0.47480666183924697
59.0 0.45827382438618397
61.617000000000004 0.45172450942670256
64.403 0.45476514032496307
67.325 0.4526307931570762
70.227 0.4564887063655031
72.809 0.45411677753141166
75.363 0.261168017524644
78.211 0.730491879350348
81.126 0.3793748870822042
84.039 1.3368734030197444
86.544 1.2439532956685497
89.326 2.083891342980452
91.84 1.0669025148346991
94.59700000000001 0.9672741748216952
97.233 0.5113173987061628
99.797 0.3442816229116945
102.36000000000001 0.8269662301860785
104.91399999999999 2.5079322033898306
107.61600000000001 1.337408695652174
110.543 1.2209778506972928
113.53399999999999 1.000356062767475
116.16900000000001 0.9499951008102506
119.042 0.9902334257625409
121.578 0.6957975964579379
124.439 0.7177030303030304
127.376 0.727255060728745
