0.009 4.516795031055901
0.415 4.469075630252101
1.21 4.447695721077655
1.91 4.465459854014599
2.711 4.455328822733423
3.511 4.437994459833795
5.01 4.499453416149068
6.71 4.524913805877994
9.31 4.507607456140351
12.009 4.246050403719109
14.707999999999998 4.55068725464538
17.611 4.805604571428571
20.211 4.80579227841218
23.012 4.809249141347425
25.912999999999997 4.813438943894389
28.500999999999998 4.7476878963330575
31.21 4.74669914485618
34.11 4.540120143290163
36.809 4.366136151388548
39.411 4.374703853955375
42.409 4.832153982824993
44.909 4.827211533130025
47.608999999999995 4.838564661040022
50.409000000000006 4.838047337278106
53.101 4.615915567282322
56.010999999999996 3.540434727769603
58.813 3.540495843340107
61.31399999999999 3.534928075285682
63.912000000000006 3.529746176105829
66.813 3.6867802385008517
69.612 3.9489708012146694
72.513 3.945537543053961
75.412 3.872010603048376
78.204 3.853009267059815
81.013 4.047861433896076
83.612 4.1170388862217955
86.31 4.308063955119215
88.90799999999999 4.726199724896836
91.60900000000001 4.728797783933518
94.31 4.737571743929359
97.00800000000001 4.743511811023621
99.61099999999999 4.6467875565009304
102.602 4.525572913889629
105.40899999999999 4.523010445859873
108.40799999999999 4.512768781523759
111.21100000000001 4.512188802410243
113.811 4.604966245964191
116.31200000000001 4.837288439955107
119.012 4.841394681300127
