0.017 2.6933481481481483
0.623 2.7057391304347824
1.119 2.6576666666666666
2.22 2.6575499565595133
3.42 2.657375302663438
4.717 2.648125619834711
7.218 2.4539701897018973
10.215 2.745597411003236
12.922 2.582386071158213
15.614 2.6527953555878083
18.415 2.6097021867407153
20.921 2.7022916053019146
23.712 2.793070796460177
26.706 2.7293061224489796
29.312 2.4453303571428573
32.123 2.4719873672121735
34.723 2.5377545026323083
37.516 2.6707887826227914
40.317 2.619552934237688
43.223 2.716926470588235
46.019999999999996 2.4741005896635446
49.016999999999996 2.446957412744156
51.907 2.643074402730375
54.42 2.6390188679245283
57.122 2.6498738472888235
59.92100000000001 2.6635354649026093
62.717 2.601266082754455
65.618 2.792622467771639
68.42 2.7883855249014693
71.315 2.575548663807324
73.914 2.6916147919876736
76.619 2.5524087938205584
79.421 2.5433244341265238
81.922 2.7082291635825313
84.723 2.6109879790694386
87.421 2.6403300492610837
90.023 2.6423633892161305
92.815 2.6495045871559633
95.719 2.735912683477606
98.417 2.56888060731539
100.91999999999999 2.443551724137931
103.82400000000001 2.581876574307305
106.62299999999999 2.6259407407407407
109.41900000000001 2.4494737503929582
112.406 2.407264512080326
115.21600000000001 2.5903435542367292
117.81700000000001 2.749623500206868
120.32400000000001 2.4929896907216493
123.12 2.4758656330749353
