0.038 1.1327165109034267
1.441 1.1450229990800367
2.644 1.1405259938837922
3.741 1.1418328741965107
4.936 1.135013888888889
6.242 1.1506970387243736
7.243 1.1397397769516728
8.447 1.1195802761341223
11.154 1.1206741130091984
13.835 1.1529891184355778
16.734 1.1780871200250707
19.238 1.1113603876438523
21.945 1.0365090311986864
24.841 1.2067181208053692
27.634 1.2178347826086957
30.134 1.2159384615384616
32.645 1.1992721229746572
35.163 1.1306191739295188
37.94 1.1104521172638435
40.641 1.175260814249364
43.538 0.8315262298904174
46.426 0.7623768115942029
49.162000000000006 0.8945538881309686
51.739000000000004 1.2114763476347634
54.239000000000004 1.1801885986528668
56.935 1.1683830404642914
59.736000000000004 1.188791166321601
62.72 1.1918993908429947
65.436 1.183632547528517
68.14 1.2018467741935484
70.914 1.198256898192198
73.536 1.1964900284900284
76.238 1.2017351746547522
78.839 1.2197313432835821
81.541 1.199067264573991
84.339 1.1668009888751545
87.11699999999999 1.2096444721012238
90.035 1.1145459403295235
92.85 1.0989145880574451
95.54400000000001 1.171458064516129
98.53899999999999 1.206670744138634
101.142 1.196724584103512
103.83600000000001 1.2100833333333332
106.43799999999999 1.1710915163660653
109.04400000000001 1.1670552102376601
112.02600000000001 1.1679072394826817
114.84299999999999 1.1690131926121372
117.638 1.1724606060606062
120.543 1.193820084724645
