0.013 3.3823441860465118
0.517 3.3913896457765667
1.013 3.3904727272727273
1.414 3.3974207650273223
1.819 3.3322156289176763
4.315 3.3325345813832556
6.312 3.426736045411542
8.511 2.600826486817903
11.315 2.183951344430218
14.018 1.8999750519750518
16.931 1.9010245259165612
19.522 1.5195494824016564
22.129 1.56342786377709
25.026000000000003 1.5574064613072878
27.93 1.384674109964188
30.72 1.7916933527413876
33.428 1.3959552346570396
36.033 1.2797023659021132
38.623 1.5628291139240507
41.222 0.6835667375820923
44.129999999999995 1.57671
47.022999999999996 1.57812
49.92400000000001 1.2945863770977295
52.54600000000001 1.2383610986042324
55.319 2.030482369534556
57.819 1.8132299224418313
60.42400000000001 1.4588062330623306
62.93000000000001 1.4428106565176022
65.73 0.9009474415373929
68.471 1.0887709902370992
71.234 0.7030316933293088
73.752 0.993615141955836
76.642 1.0026550522648083
79.447 1.002723926380368
82.341 1.0802891566265058
85.248 1.0716390315480557
88.036 1.125060008760403
90.935 1.5989607517965725
93.822 0.8494180883383968
96.561 1.0383006973500697
99.332 0.7733989927252378
102.077 0.7071851447296559
105.06200000000001 0.6012836438923396
107.695 0.5355462315462315
110.40299999999999 0.5409716599190283
112.98400000000001 0.7307891440501044
115.957 0.8194381188118812
118.87799999999999 0.7213171849427168
121.686 0.7801335287412473
