0.008 5.157475177304965
0.409 5.073004769475357
1.108 5.06587725631769
1.713 5.081129568106312
2.412 5.0628520634920635
4.109 5.051382113821138
6.811 4.931508571428571
9.419 2.997607329842932
12.113 3.7958799630655586
15.009 3.325720199310081
17.815 2.96473589087809
20.813000000000002 5.20977206512425
23.709000000000003 4.647831711806469
26.299 3.7851960906633395
29.211 5.11907849393746
31.909999999999997 4.981158229678912
34.412 4.912178063824082
37.211 4.69939988590987
39.81 4.698706162390902
42.712 4.612090884790163
45.510000000000005 4.485482133040132
48.209999999999994 4.1764816502758455
51.2 5.096658445655291
53.80800000000001 5.768112874779541
56.712 5.788987425545996
59.309 5.773688035653068
61.809 4.878997963340122
64.313 4.994106995884774
67.009 5.146748643761302
69.91 5.235294829150287
72.807 5.420180827188201
75.7 5.420446687697161
78.411 4.847508849557522
81.11 4.806644245927483
84.01 4.8041363518084825
86.908 4.474715366553613
89.81 3.9532169884169885
92.312 3.774107205623902
94.91300000000001 3.8104821428571425
97.50999999999999 3.837496647295485
100.30000000000001 4.70514030683403
103.012 4.19807062214749
105.809 4.5231612043698375
108.606 4.945074094707521
111.314 4.324497583312135
114.31 4.60939933316235
116.811 4.762938676381299
119.71000000000001 5.195930078360458
122.61000000000001 5.201480272108844
