0.008 4.215675362318841
0.41 4.247918088737201
0.81 4.18255737704918
1.509 4.173042291950886
2.314 4.155285044293904
4.309 4.269463024650233
5.909 3.724483290488432
7.917 3.5098421455938698
10.707 3.878243396226415
13.511 6.042342618384401
16.506 6.7291702786377705
19.204 6.663873217115689
21.804 6.326307802433787
24.707 6.327079596802225
27.207 3.277465168539326
29.902 3.277476969927674
32.711 3.346275484106686
35.312 3.4679217006945904
38.113 3.4658228638314474
40.81 5.0083692307692305
43.805 6.902785109983079
46.705 6.909425396825397
49.30500000000001 6.673694329703342
52.004999999999995 6.633914807302231
54.69799999999999 6.812429906542056
57.304 7.097281078803203
60.206 7.098038518518519
63.004000000000005 5.4214378006872845
65.505 5.280430426716141
68.305 5.401909516380655
71.106 6.647874164372788
73.705 6.63941885625966
76.405 3.712111817026684
78.906 2.57011632481034
81.618 2.5681313117262485
84.416 2.5936162104944804
87.116 4.042708081073966
90.01 4.086521408182683
92.81200000000001 4.756466982446364
95.50800000000001 5.188564521003324
98.41 4.812532952924394
101.00899999999999 4.811830396475771
103.90100000000001 4.520752063914781
106.71100000000001 4.033814133151557
109.21100000000001 4.034076886568581
112.013 2.235607413857445
114.62299999999999 2.0532809841643767
117.32400000000001 1.2839871899903181
119.83600000000001 1.3506625317169438
