0.053 0.7454679651460789
2.166 0.7493317278747743
3.973 0.9223874690849134
5.235 1.2675392456676862
6.342 0.9099067501739736
7.86 0.7636523053665911
9.263 0.21335421016005565
11.959 0.20863966396639663
14.738 1.1925618199802177
17.341 1.129786802030457
19.952 0.9432382386149794
22.554000000000002 1.0070559824368825
25.456000000000003 1.0157108116989813
28.143 1.0129633802816902
30.647 0.9932695035460992
33.358 0.9844341637010676
36.044 0.988013769363167
38.855 0.6865402669121031
41.385 0.8516451443569554
44.331 1.2803257103257104
47.229 1.1082709757613425
49.763000000000005 0.8349674796747968
52.757999999999996 0.7192000000000001
55.376999999999995 0.7541540992596655
58.153000000000006 1.0141683691440648
61.144999999999996 1.9323155216284988
63.828 1.8325684210526314
66.616 2.145587548638132
69.528 1.9534096385542168
72.119 1.3794818872592332
74.83 1.712605882352941
77.537 0.8766502870264065
80.372 0.8204514484356895
83.15 0.926028328611898
85.657 0.8114389140271493
88.56 0.8112314521242866
91.25800000000001 0.9098519305703153
94.149 1.0514431115957834
97.043 1.1082445990479677
99.839 0.8401720430107527
102.68799999999999 0.7060924801494629
105.257 0.8007069622107216
108.16999999999999 0.7780843938379103
110.775 0.7344144912093767
113.30600000000001 0.5523770152955767
115.90899999999999 0.5545742745777393
118.894 0.5756441653584511
121.477 0.7058584269662921
124.17099999999999 0.7055933838731909
