0.053 0.8455860465116279
1.845 0.8472702518720218
3.443 0.8482608036391206
4.848 0.8464642614023145
6.446 0.8408591639871382
8.144 0.8497157275021026
9.448 0.847519004837595
11.047 0.8439271844660194
12.868 0.8362132614290968
15.626000000000001 1.1450436961628818
18.623 1.0327681318681319
21.549 1.09822295376328
24.334000000000003 1.3526512035010942
27.222 1.478322713257965
29.817999999999998 1.6672738095238095
32.622 1.784233861144945
35.32 1.7181405706332638
37.826 0.41386087261258103
40.518 1.501784335981839
43.019000000000005 1.5027306666666667
45.818 0.9231049566455286
48.331 0.6733312
50.867999999999995 0.7285644444444445
53.757999999999996 0.8286170052671181
56.751000000000005 0.8840602409638555
59.744 1.0142237061769617
62.32599999999999 1.043595298679268
65.217 1.222405481660621
67.847 0.47183121134958167
70.513 0.5905061911837544
73.34 0.5871179487179488
76.171 0.58709412861137
78.982 0.9358113821138211
81.841 0.9427195385724585
84.343 0.9746974483596598
87.244 0.9304087272727272
89.75 1.184738007380074
92.52199999999999 1.07636123853211
95.136 1.3524316279069768
98.12100000000001 0.3802735863513307
100.951 0.33363697857948144
103.73599999999999 0.3308267756770567
106.34100000000001 0.3828872775214239
109.03399999999999 0.3774633077765608
111.941 0.3653814602132896
114.83099999999999 0.358586390366844
117.666 0.358791911285062
120.428 0.3703549648162627
123.364 0.3697653355290243
