0.019 2.376483660130719
0.724 2.398150289017341
1.324 2.334855241264559
2.622 2.3958689788053946
3.223 2.3484222539229673
4.726 2.3362974845060154
7.522 2.3565777488614184
10.212 3.0386446991404013
13.113 3.077430762291385
15.913 2.913951375049821
18.521 3.0086242496998796
21.112 3.2748473520249224
23.82 3.1378846085567194
26.511000000000003 4.38521031076849
29.212000000000003 4.476337053571428
31.911 3.8063359858532273
34.516 3.2715684943739953
37.215 3.20796261682243
39.916 4.258343240651965
42.902 4.305922635388071
45.509 4.23299195849546
48.413 4.336675466998755
51.009 3.2699260349586017
53.513999999999996 2.9437623762376237
56.117000000000004 4.197293666026871
58.914 4.252991919191919
61.912000000000006 4.331006553672316
64.413 4.236408163265306
67.4 4.276712246431254
70.014 4.243411764705882
72.714 4.204313354886843
75.311 4.29892819614711
77.912 4.398642910915934
80.512 4.289352403282533
83.413 4.207451230628988
86.412 4.025248533208167
89.31200000000001 4.052308179419525
91.90100000000001 4.401674609274917
94.41399999999999 4.201565345803593
97.11500000000001 3.974296296296296
100.01499999999999 3.8162733031674207
103.012 3.795128773072747
105.713 3.68710338835795
108.417 3.670172397550636
111.112 3.4143088562527812
113.916 3.5089379187137113
116.714 3.540671283963772
119.713 3.5265416666666667
122.214 3.5123167155425223
