0.025 1.6341662921348317
1.026 1.6463492063492062
1.819 1.6429603524229075
2.627 1.660154873164219
3.423 3.005829885057471
3.911 2.660217517642175
6.416 2.5188178025034773
9.412 1.5929207660533233
12.316 2.8146303630363034
15.309999999999999 3.011163097199341
18.305 3.1497913699204023
20.807 3.7599508196721314
23.309 3.7554823996033715
26.096 3.592561525129983
29.013 3.525201494177104
31.610999999999997 3.2693875071198026
34.516 2.7540989324913547
37.21 3.3817931034482758
39.711 3.712812539184953
42.608 3.6993636363636364
45.308 3.707835491933652
47.809 3.531795537525355
50.498999999999995 3.216660271493213
53.11 3.634718826405868
55.709 3.406878286270691
58.413 3.7285472658844365
61.007999999999996 3.688357197844496
63.81 3.6393042675893885
66.709 3.6963012987012984
69.407 3.6174508984538236
72.312 3.6379479233914354
75.01 3.670973076923077
77.709 3.5349455816275586
80.309 3.5335460750853245
83.208 3.8107929433611885
85.906 3.8119818273599195
88.508 3.6379887710542733
91.211 3.5240484102564102
94.209 3.582572927597062
97.00899999999999 3.6061667716866204
99.809 3.6228367697594503
102.50999999999999 3.311210306934445
105.41300000000001 3.5595353323547916
108.31299999999999 2.5455715514769146
110.918 2.6482402485329652
113.41900000000001 2.65243484132343
116.41 3.134830188679245
119.108 3.6344390767579173
122.00999999999999 3.64319391634981
