0.018 2.2689672386895476
0.724 2.2921546961325965
1.321 2.260315151515152
1.923 2.289974217311234
2.526 2.2367445652173914
4.116 2.243408450704225
5.316 2.2301470355731228
6.623 2.888626489615254
9.61 1.9601563952795327
12.117 3.0190688935281838
14.919 1.997034110485816
17.726 1.5824545062526951
20.430999999999997 1.5721892901618928
23.333 1.5386216366672851
26.328000000000003 1.790533369654045
29.311999999999998 2.1456595002905288
31.819000000000003 2.110120600272851
34.527 1.577406945681211
37.132 1.5766608357628766
39.82599999999999 1.6054814814814815
42.635999999999996 1.5690691003911343
45.331999999999994 1.6612713043478262
48.028999999999996 1.9283386454183267
50.617999999999995 2.6390188679245283
53.507999999999996 3.034984368398817
56.416 3.1606977758395116
59.318 2.847203966942149
61.915000000000006 2.609972461273666
64.82 2.6106621938946666
67.418 2.5995631035631037
70.02 2.4261916666666665
72.522 2.405678638941399
75.319 2.40669476546567
78.009 2.370530051516886
80.616 2.3703286168062374
83.127 2.5870284343953407
86.116 2.6874175115207373
88.816 2.5883129955187867
91.323 1.2492469813391875
94.12899999999999 2.392228791773779
96.82 2.377154724818276
99.321 2.189596795727637
102.30600000000001 3.725717288491855
104.814 2.1353181693614687
107.525 1.4925976653696498
110.21000000000001 3.7555028680688336
112.94399999999999 1.0887680209698558
115.64500000000001 1.4035986733001657
118.52000000000001 2.241834347215723
