0.023 1.9627638326585695
0.826 1.9946153846153845
1.53 1.9489555555555556
3.019 1.9445899554990465
4.728 1.9438005210271678
7.524 2.2944733261725743
10.417 2.639985422740525
13.215 2.7843439448638003
15.815000000000001 2.83568744804655
18.318 2.925611844737895
20.914 2.66426364280652
23.815 2.504922866894198
26.315 2.646683438155136
28.905 3.584795503674881
31.811 3.1352730115301934
34.518 2.381065265486726
37.311 3.678954006828681
39.913 2.0068326431181487
42.712 4.113307652264446
45.709 4.10329816768462
48.611 4.1087741935483875
51.412000000000006 4.259670011148272
54.003 2.231828205450207
56.528000000000006 2.182383557987455
59.113 2.699664787673807
61.812 3.364661095636026
64.514 3.898955183340878
67.308 4.341858267716535
69.808 4.039960255500355
72.613 3.1177957860615884
75.218 3.305737974188502
78.102 4.414906474820143
80.611 4.4174879032258065
83.609 4.4177947355711185
86.312 4.416817224880383
89.11 4.550698859113823
91.911 3.8053141724479684
94.512 2.6734727668845317
97.031 1.7292301458670989
100.02199999999999 2.496517773306506
102.612 3.273403241182078
105.311 3.2695534290271135
107.91499999999999 2.229770786516854
110.839 1.3286275104206138
113.53200000000001 1.3236632160110422
116.435 1.3242056295297489
118.93799999999999 1.9720593471810088
121.602 4.138728606356969
124.311 4.144290657439447
