0.016 3.00497520661157
0.617 3.020970873786408
1.115 3.0239351351351353
1.517 2.972633624878523
2.614 2.9608705035971226
3.814 2.9572976465159204
6.01 2.9604086636697997
8.516 2.5197196317196315
11.027 1.7494010256410257
14.015999999999998 5.344374269005848
16.907 7.821941520467837
19.703 2.686410477559495
22.519 1.8664946145723336
25.308 1.9756092446985942
28.122999999999998 1.8499994370954123
30.726999999999997 1.88642656449553
33.722 2.0144808543891637
36.622 1.9423552631578949
39.323 1.9438287822878229
42.026 1.9355788370874805
44.921 1.8894919205298013
47.825 1.9033245330012454
50.607 2.0519894011658715
53.42100000000001 2.114726338070759
56.316 2.3914141145139816
58.925 1.9158022733280466
61.82299999999999 1.9826869244935543
64.724 1.8966779237023141
67.519 1.994460276781138
70.021 1.9375745842640855
72.623 2.022411577424023
75.309 2.0670341093665403
78.11 3.069135674035544
81.017 2.0083976721629484
83.714 2.8501555555555558
86.214 1.8400428849902535
88.926 1.7016912751677853
91.427 1.7580650901428236
94.321 1.8525280326197757
96.82900000000001 1.7284922219642442
99.40899999999999 2.2747929778072207
102.01599999999999 1.8543735866123925
104.525 2.0147882921284457
107.124 1.775701002734731
109.625 1.7750930124942157
112.52699999999999 1.917625579692458
115.21700000000001 1.893941293815902
117.82900000000001 1.7832393995259415
120.71799999999999 2.0623331898407233
