0.034 1.1570469371519492
1.447 1.1456986172955237
4.338 1.5634524298425736
7.321 2.593935958005249
10.315 3.0850513880685178
12.616 2.9342783882783885
14.916 2.663279411764706
17.716 2.7545116883116885
20.414 2.604070229007634
23.119 2.926783026421137
25.713 2.803337807606264
28.521 3.137846943138093
31.413 3.2246947637292465
34.006 3.2300864822750293
36.615 3.273430278884462
38.717 3.2736524822695037
41.015 3.2727854422344476
43.413 3.272313008937438
46.016 3.252619553277188
48.525 3.2292405015908665
51.414 3.2274889240506326
54.013000000000005 3.25270913506445
56.916 3.25614657383657
59.416 3.2381386138613864
62.013999999999996 3.180785454545455
64.804 3.215934313538285
67.617 3.190926406926407
70.216 3.152754596322942
72.815 3.1600503330866028
75.814 3.1592424119789557
78.418 3.209661001378043
81.216 3.2082453781512603
84.209 3.2096536718041704
87.014 3.209078651685393
89.716 3.197681340085703
92.319 3.1889932432432433
95.317 3.1902056892778994
97.904 3.192472789115646
100.816 3.184108628996934
103.714 3.154319309204483
106.21700000000001 3.1659024024024025
109.11500000000001 3.19265034709536
111.715 3.0520359582883856
114.32400000000001 2.618023300398171
117.221 1.9912849947288276
119.81899999999999 2.845028969447523
122.405 2.798248421052632
125.31800000000001 2.5745095057034217
128.017 2.858472553699284
