0.01 3.5130628019323673
0.517 3.5258923512747873
0.918 3.4776902106567538
1.812 3.4759545454545453
2.813 3.484114285714286
3.812 3.4716597164303584
5.114 3.4694061302681996
7.315 3.32441065830721
9.919 3.3953648564939085
12.815 3.5973482587064676
15.713000000000001 3.605261455525606
18.617 3.426281523731921
21.616 3.395908549471662
24.414 3.316874635568513
27.017000000000003 3.53919964703287
29.616 3.4078495943004152
32.405 3.5084298027197858
35.218 3.7352291997279528
38.213 3.44967145631068
40.918000000000006 3.8461317020510974
43.813 3.4862326490713587
46.414 3.402425645592164
49.214 3.3452302375809935
52.117999999999995 3.3557581573896353
54.816 3.480527131782946
57.416 3.476009592326139
60.114000000000004 3.513880454712138
62.617000000000004 3.324143278550358
65.415 3.566606516290727
68.31 3.29334601483736
71.119 2.97318747801618
73.917 2.5220631146337884
76.826 3.0598513396715643
79.716 3.505134151502328
82.614 3.338124440829606
85.118 3.3354840989399297
87.917 3.4983179364127173
90.616 3.5301814762576402
93.315 3.4182939527432916
95.916 3.534889849701462
98.81 3.7056080843585235
101.40899999999999 3.8802326820603907
104.01400000000001 3.704806634657355
106.71600000000001 3.496713807366555
109.418 3.451695431472081
111.918 3.2759839591687934
114.70500000000001 3.5375693348365274
117.215 3.0968377941440632
119.81700000000001 3.4504404332129965
