0.005 7.382781725888325
0.31 7.318623853211009
0.805 7.308583333333333
1.306 7.300334128878282
1.806 7.273798045602606
4.305 7.272003745318353
6.505 7.267486315789474
8.904 7.273273521238587
11.502 4.7429339486587825
14.009 3.977448544579418
16.919 2.7404532702915683
19.815 2.160515863840719
22.401000000000003 4.089704766311893
25.314 4.088725965858042
28.308999999999997 4.289623529411765
31.110999999999997 4.223660534706893
33.81 4.098794361154621
36.31 4.162732693279434
38.81 4.035849159472967
41.315 3.904465263634306
44.31100000000001 4.088745677774994
47.101 4.1436820561637315
49.911 3.997311740890688
52.412000000000006 4.111792808649736
55.010999999999996 4.118248587570622
57.809 4.230557146445617
60.411 3.9951436314363145
63.315 3.884852006894853
65.909 4.094200911052505
68.611 4.083283018867925
71.603 4.266921756688541
74.11 4.118604026845637
76.909 4.064129840018548
79.814 4.088169792694965
82.411 4.081774241670811
85.011 4.0490809651474535
87.912 4.020483769633508
90.81299999999999 3.9071494200591315
93.314 4.063546774577482
96.30099999999999 4.126161980293199
99.01499999999999 4.086956521739131
101.90100000000001 4.069498759305211
104.513 4.026144236229415
107.31 4.077357831878732
110.21000000000001 4.130126336248785
112.91300000000001 4.008933303591345
115.512 4.000285568587455
118.511 4.030885199906477
121.10300000000001 4.061354107648725
