0.02 1.9011869281045752
0.822 1.9148307692307691
1.522 1.9191355060034305
2.219 1.9159568567026195
2.925 2.0085038402457758
3.618 2.82062676056338
6.012 2.3581119791666665
8.619 2.816698539176627
11.213 2.6464949573312646
13.913 4.11429600450197
16.812 3.5814986611740474
19.71 3.935333645297146
22.613 3.729051476793249
25.406 4.461521568627451
28.107999999999997 4.386981678971835
30.808 4.465732365145228
33.707 4.993869138495093
36.405 5.45927634194831
39.199 5.7963484502446985
41.805 4.962275524877769
44.408 4.555606923506421
47.109 4.5880769433465085
50.006 4.640221409921671
52.91 3.8916230366492144
55.712999999999994 3.6078201691070326
58.611000000000004 4.192643266118995
61.212 3.290077939914163
63.804 3.8639196669115843
66.511 3.5181112484548827
69.414 3.5689795918367344
72.311 3.9315218604651165
75.208 4.9632628538417105
77.709 3.453229314420804
80.416 3.5269111239637554
83.21 3.720736799677549
85.713 3.6368922815945717
88.71100000000001 3.1413884229903863
91.21199999999999 3.6076724065518686
94.019 3.134586852735953
97.01499999999999 5.400742371815036
99.809 5.392560102301791
102.506 5.237209469583458
105.412 3.4425925775704727
107.91499999999999 4.088626439428834
110.80799999999999 4.924565469293163
113.5 4.683880114672922
116.41 3.9689147482924363
118.912 2.8824771777294766
121.513 2.832616448505804
