0.031 1.4515049900199601
1.142 1.4367041873030166
3.438 2.317804899777283
6.009 5.635888785912883
8.709 6.611933665008292
11.504 8.399035386631716
12.303 7.960571428571429
13.306 5.534178734507502
14.909 3.7542812785388127
17.417 3.879635144198524
20.009 4.602481736368449
22.906 4.4496338624338625
25.805 6.109818181818182
28.308 3.1580513532269254
31.112000000000002 4.714426094622392
34.108 5.347783850931677
37.097 7.525682826622843
39.608 3.9473157642549115
42.413 3.6577739345274862
45.312 4.080849574266793
48.111 3.301271292737204
50.611999999999995 3.704628085106383
53.407 5.906297108673978
56.012 3.2497217806041334
58.613 2.0659329239489845
61.224999999999994 2.2783652939327257
64.014 3.4218482320222487
66.611 3.3127121791370837
69.513 3.0894736006351726
72.117 2.855335771762985
74.917 2.749874852420307
77.518 2.6393446249567925
80.02 2.4440787021056267
82.707 3.1219871843196385
85.409 4.055557312252964
88.01 3.6183689506468615
90.714 2.5078785107772696
93.429 3.5189954936501437
96.411 6.956381418092909
99.40799999999999 6.295914924825817
102.209 3.1826279245283016
105.12 4.548820406038521
108.012 4.525572913889629
110.80799999999999 5.132355015900549
113.501 6.125981981981982
116.412 3.110965553055219
119.31800000000001 4.887576323987538
122.106 6.019586592178771
125.00800000000001 6.641148812970469
