0.022 2.0256378830083563
0.818 2.0403934426229506
1.524 2.0379890710382513
2.127 2.0044823066841415
3.725 2.027187596899225
4.425 1.9887816531294793
6.625 2.8220179197506816
9.309 3.1329010339734125
12.116 2.57750812240272
14.815 2.5999658605974396
17.726 1.9996148936170213
20.619 2.5980261946902656
23.519 2.5325336008024073
26.122 3.082391078066914
29.101 3.678258533855624
32.013 3.8454363555158553
34.612 3.9803372446762277
37.31 3.975891891891892
40.012 3.964697165811203
42.61 4.054001879699248
45.413 3.6563262379565313
48.412 3.8926340263805055
51.012 4.068692307692308
53.702 4.0050453098212095
56.411 3.908471849865952
59.010999999999996 3.9313370681605977
61.914 3.9943109629012086
64.815 3.7869380700912147
67.611 4.188597498160412
70.312 3.943763097949886
72.812 3.9871566037735846
75.611 4.065976336961666
78.602 4.127287967977396
81.415 4.112879496402877
84.412 3.994438771094764
87.11 3.798800442967885
89.714 4.044837503292072
92.60900000000001 4.115892668902731
95.411 4.064514285714285
98.21199999999999 3.946887356321839
101.11099999999999 3.892
103.703 3.729527955612463
106.51400000000001 3.7104751912568306
109.213 3.6289484873262468
111.71700000000001 3.6092569002123143
114.51499999999999 3.864956559139785
117.213 4.009486327625862
119.713 4.110657129232237
122.51400000000001 4.10643179377014
