0.015 3.0683713080168777
0.612 3.073185185185185
1.116 3.0307732181425484
2.117 3.034563492063492
3.215 3.0345511520737327
4.418 3.2563333333333335
6.51 2.652552178689125
9.335 1.2505742924528302
12.241 2.38972469352014
15.212 3.326252957233849
18.016 3.36852688172043
20.815 3.471818353831599
23.514 3.209664406779661
26.105 2.8145390359809914
28.613 3.613550302363936
31.512 4.425562580313544
34.509 4.439532719340765
37.21 4.491847328244274
39.91 4.549502688860435
42.908 4.552462269129288
45.809 4.46217774131802
48.51 4.416984271943177
51.01 4.428618988288063
53.80200000000001 4.571596309756779
56.408 4.571288215312254
59.309 4.396201513965022
62.209 4.2362298850574716
64.81 4.236408163265306
67.609 4.200962361623616
70.21 4.1889958867650625
72.91 4.392191218498311
75.811 4.441151718790386
78.4 4.379958020989505
81.009 4.295395163183846
83.81 4.2865790573485025
86.711 4.262322067594433
89.31 3.732259538274605
92.014 3.482614230691263
94.515 3.951611111111111
97.40899999999999 4.4068172484599595
99.911 4.368797720797721
102.501 4.153176806083651
105.311 4.122249635745508
108.011 4.014657620985979
110.512 4.136155717761556
113.21199999999999 4.305713464302826
116.00899999999999 4.331617890668139
118.71000000000001 4.366792299898683
121.21100000000001 4.374242562929062
