0.022 1.6214136008918618
1.031 1.6355321944809462
1.926 1.6145108225108225
2.739 1.5855187937991082
5.529 1.5408680193236715
8.328 1.5567211093990754
11.029 1.6264721485411142
13.827 1.5676082779009608
16.328 1.5677077205882353
19.232 1.55787428084381
22.032 1.538165302782324
24.719 1.5526600380791198
27.529000000000003 1.5477744176542705
30.03 1.5469462686567166
32.533 1.5741598207617626
35.333 1.5852492836676217
38.132 1.5901274238227148
40.931 1.5854315789473685
43.829 1.5566611872146119
46.729 1.5389504373177842
49.317 1.5419005620406399
52.027 1.570135196219437
54.527 1.5588180354267311
57.131 1.5715505617977528
59.632999999999996 1.5630565709312445
62.327 1.5629674358421393
65.031 1.5498995861076121
67.733 1.5576723163841808
70.233 1.563983922829582
73.014 1.5485990874826423
75.63 1.543842686699072
78.239 1.5591898734177216
80.932 1.5898453038674034
83.731 1.5955053140096618
86.428 1.5614131386861314
89.03 1.5497549071618038
91.531 1.5493347502656747
94.43100000000001 1.5408774882002871
97.119 1.5466638297872342
99.93199999999999 1.5529027951606174
102.833 1.5647300068352699
105.827 1.556280129056747
108.733 1.5453443766346993
111.436 1.5696567284448026
114.02799999999999 1.5695482815057282
116.53200000000001 1.5511376110562685
119.227 1.554946186242396
121.815 1.5572585096596134
124.72999999999999 1.5681833060556465
