0.055 0.9193476611883691
1.755 0.919231905465288
3.255 0.9246743801652892
4.557 0.7945405750798722
6.288 0.6056211208893006
8.571 0.7539641791044775
10.067 0.7766687777074097
11.77 0.8152356389214537
13.569 1.1704690341396464
16.534 1.3524054753977062
19.05 1.1170037141583715
21.842 1.2680414651002072
24.726 0.4067447779627342
27.576 0.31985946186346453
30.143 1.021338195077484
32.848 1.021702677746999
35.551 1.0241498661909012
38.254999999999995 1.004952509262378
40.843999999999994 0.9523827414147343
43.36 0.7863520179372198
46.120000000000005 0.569073440088349
48.837 0.8061915708812261
51.56699999999999 0.8065289052890529
54.358000000000004 0.8516875483372003
57.260999999999996 0.8690685179595532
60.155 0.8912297097884899
62.956 0.8455519340270959
65.749 0.9991460674157304
68.249 0.997435064935065
71.054 1.0286729939603105
74.017 1.320092243186583
76.536 1.4724487356321838
79.325 1.4632147137838396
81.923 0.907685698630137
84.63399999999999 1.125987379972565
87.56200000000001 0.8018194945848376
90.14699999999999 0.3976132930513595
93.042 0.3952541832669323
95.738 0.3927950987066031
98.48500000000001 0.5777217140105922
101.195 0.6250854816824966
103.75800000000001 0.9507019089574156
106.74700000000001 0.8284842749791261
109.477 0.6212239747634068
112.39099999999999 0.6378042959427207
115.07400000000001 0.7453504074505239
117.96600000000001 0.7543218456280262
120.571 0.36917071043018373
123.24700000000001 0.5757435897435897
