0.017 2.654029197080292
0.619 2.6882073434125267
1.118 2.663942857142857
1.62 2.6346597760551247
2.818 2.636099279423539
4.121 2.6261955835962145
5.823 2.62468115942029
8.718 3.1259749447310243
11.507 4.147516109422492
13.209 4.3884177671068425
14.908 4.4585066666666675
17.408 4.73792
20.005 3.330012057272042
22.916 3.3381639464514947
25.912 3.3140243751291054
28.82 2.683894014962594
31.32 4.645577479076844
34.308 4.47963458401305
37.299 4.32047859922179
40.01 3.6400489451476794
42.812 3.6335301714540194
45.41 4.055847193105055
48.31100000000001 4.128234146341463
51.212 4.258489583333333
54.107 4.518161157024793
56.61 4.676991946681477
59.309 4.688039138943249
62.20099999999999 4.93012
65.015 5.111317569589944
67.91 4.460994589023447
70.411 4.349252379727296
73.41 4.775657587548638
76.112 4.934851351351352
78.708 5.12870423324923
81.311 5.212392998306042
83.911 5.4849964822513595
86.8 5.485088571428571
89.706 6.708213978914487
92.309 6.707646365422397
94.91 4.422709943328181
97.411 3.9383441512958206
100.31299999999999 4.0699972054028875
103.21199999999999 4.129268791048406
105.91 4.128561860465116
108.81 4.130126336248785
111.702 4.308810357228483
114.411 4.604966245964191
117.41 4.878352009054895
120.012 4.747211920529801
