0.012 3.3981495327102804
0.511 3.400655737704918
0.912 3.4111463414634144
1.314 3.3539912280701754
2.316 3.3480717948717946
3.914 2.5976749087961086
6.415 2.3535152696556207
9.116 2.355329261521377
11.819 2.473772298767223
14.616 2.608313949339993
17.514 2.365068260459264
20.323 1.8302802992518703
22.92 2.1810561474229773
25.704 2.6049739239710967
28.512 2.9877490909090905
31.308 3.814752066115702
33.813 4.156458361697299
36.809 4.3086025104602514
39.71 2.3502854874983465
42.32 2.4832803684513527
45.316 2.4446717602996255
48.120000000000005 2.190708605938601
50.80800000000001 2.094727616986746
53.623000000000005 2.0950868783702816
56.516999999999996 2.3850624169986716
59.116 2.729747645951036
61.812 2.6673248683803035
64.62 2.8133469387755103
67.31 4.416790011350738
70.108 4.412938383267383
72.91 3.6795323854660347
75.416 3.182592331913317
78.415 3.18238779956427
81.015 2.0569021812457837
83.517 2.1994769560557343
86.328 1.6243355560335555
89.02600000000001 1.8763500643500644
91.714 2.4442369791666665
94.314 2.5214429413805064
96.81800000000001 2.535632152588556
99.326 2.073550724637681
102.21000000000001 2.8985648639095087
104.80600000000001 2.898626328699918
107.31299999999999 3.2547101086048458
110.30799999999999 3.9916503642039545
112.82 2.6133558237603607
115.815 2.608332502078138
118.416 2.0048954529596466
121.11099999999999 2.8630214677983026
