0.006 8.505309941520467
0.209 8.397157894736841
0.709 8.332220976781425
2.008 8.335108968177435
4.105 3.436131563762262
6.927 4.8404487379245875
9.71 5.477715011107585
12.412 5.368114854966306
15.408000000000001 1.5184921968787515
18.326 3.6628777555110217
20.906999999999996 7.146912547528517
23.508000000000003 7.245235932872655
26.101999999999997 2.0988661679135494
28.808999999999997 5.730222529371113
31.311999999999998 4.833742693582404
34.207 7.0863637860082305
36.709 1.6187267585719334
39.663 1.4811838125085162
42.611999999999995 3.021668833652008
45.331999999999994 1.4788953372023212
47.926 1.574224032586558
50.528000000000006 4.616380952380952
53.30800000000001 7.034625820568928
55.81100000000001 6.883267716535434
58.409000000000006 6.874457416267942
61.006 7.206610183996577
63.91 7.0355007342143905
66.708 3.5757896645512237
69.224 4.239551142005959
71.808 4.876935211267606
74.414 4.182470064324591
77.007 5.077664302600473
79.514 4.027709558823529
82.101 4.099974899148364
84.609 6.309738892686261
87.112 6.494352139341158
89.807 6.949433484162896
92.605 6.460976306882286
95.309 6.454049149338374
98.007 6.459352896914973
100.709 6.254329996292176
103.50899999999999 6.413419449541285
106.506 3.3601393507521773
109.10900000000001 6.636566728971962
111.906 6.808009611533841
114.50899999999999 5.698176284083703
117.208 6.608727885425441
119.71000000000001 5.721903750414869
122.311 4.435136890951275
