0.025 1.6717333333333333
1.027 1.6706577181208053
1.837 1.572601721170396
4.828 2.772978675645342
6.767 3.407688888888889
9.212 1.6793668763102725
12.128 3.934883215643672
15.009 2.058698374181024
17.735 1.485448290877422
20.411 2.813045017314352
23.12 2.0740833103448275
25.817 1.7301801037246582
28.808 2.0741533406352683
31.520000000000003 2.5126157575757575
34.418 2.5164808575803983
37.119 2.514593122233572
39.62 2.5787235745248416
42.218 2.5617180043383945
45.125 1.5975867367569754
47.628 1.7126396292004635
50.519 2.467254237288136
53.205 3.508653810835629
56.007000000000005 5.579400576368877
58.509 4.176909323116219
61.015 4.192264557872035
63.813 2.605887049357883
66.322 2.4999613879467777
69.117 3.3459987274655356
71.911 3.3425155607751025
74.616 3.2180520446096654
77.117 4.5469456697149
80.1 4.588201869158878
82.91 5.923822913146333
85.909 4.78902827225131
88.814 4.86233763497498
91.711 5.414010101010101
94.50899999999999 5.321638253638254
97.011 5.252135738306329
99.90799999999999 5.8262662116040955
102.90700000000001 4.48979079497908
105.501 2.249656975193385
108.12299999999999 2.060673033840349
110.72300000000001 2.33225
113.32300000000001 5.381060773480662
116.30799999999999 7.5511338582677165
118.90700000000001 3.778986050986051
121.62100000000001 2.5317485714285715
124.31899999999999 5.378046068308181
127.10900000000001 6.199602162162162
