0.037 1.1093882532418002
1.446 1.1202880288028803
2.645 0.9963098842386465
3.848 0.7459244151169767
5.669 0.7079242014076881
7.67 0.7150120311394197
9.17 0.6035236220472441
11.393 0.4993867145421903
14.321 0.5156185006045949
17.188 0.5701024590163934
19.764 0.6889617486338798
22.746 0.6844843835616439
25.676000000000002 0.6921248654467168
28.673000000000002 0.6935429122468659
31.387 0.47877342419080066
33.899 0.2956985569214324
36.893 0.2838249690976514
39.722 0.28317931844888367
42.687 0.2984597338145725
45.379999999999995 0.30751650750341064
47.882000000000005 0.3060829895656394
50.775000000000006 0.40117445185891326
53.656000000000006 0.41881500781657116
56.522999999999996 0.4444035512510089
59.221000000000004 0.4392188552188552
62.113 0.4143687752355316
64.744 0.3784676202860858
67.342 0.3831279620853081
70.335 0.42025991792065664
73.054 0.4928615130219099
75.596 0.4875602013162989
78.302 0.5131991853360489
80.889 0.5502141491395793
83.592 0.6110445883441258
86.151 1.0145855728429984
89.148 0.6681592638471067
92.065 0.4675080968414302
94.72 0.44269879518072286
97.261 0.4543433070866142
100.01499999999999 0.45229099133056916
102.80199999999999 0.459527950310559
105.494 0.5252965517241379
108.09800000000001 0.5310872435325602
110.886 0.6586220735785953
113.571 0.6621407333994054
116.279 0.732558352402746
119.162 0.8136508875739645
121.66399999999999 0.7753335390311632
124.582 0.7015375604041587
