0.041 1.0539188405797102
1.548 1.061074168797954
2.847 1.0359777777777779
4.045 1.0276495867768594
5.348 1.0797159372419487
6.64 1.1928122786304605
7.538 1.2488391038696538
8.647 1.3547188544152746
11.438 1.345693096646943
14.14 1.3254358230601886
16.732 1.3257894551225533
19.528 1.4391027450980391
22.241 1.3399624977887847
25.029000000000003 1.4293452852956385
27.938000000000002 1.2339117702271447
30.839 1.3252036605060111
33.547 1.3217252747252746
36.34 1.226347718865598
38.841 1.203995547309833
41.635999999999996 1.1868460236886633
44.141000000000005 1.2996116015132408
47.137 1.468456571867794
49.928 1.4810112832281506
52.727999999999994 1.4048613901165126
55.336 1.2581099824868651
58.141999999999996 1.2584615384615385
61.037000000000006 1.436902235568902
63.635000000000005 1.5046362098138748
66.335 1.3241810344827587
68.836 1.3072476540187679
71.832 1.4688590466427471
74.83 1.497230481533427
77.533 0.7014559144045968
80.253 1.0238111248454882
82.95400000000001 1.0572026529108327
85.62700000000001 1.1640691537761603
88.34100000000001 1.1724721603563473
90.84299999999999 1.181057142857143
93.756 0.9957135461604831
96.55000000000001 0.9534594264795607
99.13 0.9226924627166465
101.64500000000001 1.1011199140593528
104.24700000000001 1.050843337779754
107.14599999999999 1.2371825976500477
110.043 1.1523712000000002
113.03899999999999 1.0530526315789472
115.85 1.0387686496694997
118.72999999999999 1.126841255605381
121.53200000000001 1.3374474199869366
