0.015 3.1143640256959317
0.516 3.1115999999999997
1.021 3.077298245614035
2.017 3.067464256368118
4.511 3.06692
7.214 3.1230331384015595
9.314 2.84641257367387
11.917 2.4309157593123207
14.517 2.0788129189518587
17.415 3.068025178346622
20.413 3.0122403846153847
23.202 3.064477661795407
25.712 3.0094588796185935
28.316 2.966594633273703
31.215000000000003 2.9648389715832204
34.015 3.0746711074104915
36.517 3.0640221870047544
39.12 2.9495338345864663
41.816 2.937954026790144
44.414 2.8523445197553317
47.016 2.8139651664080017
49.917 3.0061726519337015
52.81699999999999 2.920632374691865
55.519000000000005 3.085978486506888
58.417 3.0377357180065983
61.403000000000006 3.086283305845703
63.915000000000006 3.0881290785227677
66.815 3.0572459677419355
69.415 3.041181711606096
72.015 3.08556837944664
74.617 3.09452258635961
77.415 3.1383575832305795
79.915 3.1329628318584075
82.715 3.136172661870504
85.602 3.078588627647157
88.216 3.104921071687183
90.814 3.082747490967483
93.41399999999999 3.025666784078901
96.21700000000001 2.9595977808599168
99.119 2.550350564468211
101.922 2.3311608961303465
104.91900000000001 2.26208
107.62200000000001 3.089342047930283
110.51499999999999 3.090748115827053
113.11500000000001 2.97362480620155
115.81700000000001 2.8884235294117646
118.61500000000001 2.82081494057725
121.51599999999999 2.814197838736492
124.20500000000001 2.9427518427518424
