0.009 4.367591591591591
0.409 4.382535211267606
0.808 4.37053125
1.111 3.91515888830624
3.121 1.9154436704299782
5.819 1.8041846846846847
8.425 2.0991364821790786
11.417 2.196193631892312
14.315999999999999 2.231086984957489
16.915 2.149060552616108
19.421 2.1555481651376147
22.207 2.1733562333432044
25.119999999999997 1.5250267767263943
27.726 1.4579975382451205
30.519 1.8926138784912179
33.123 1.9373976915005247
36.017 2.131640573318633
38.722 1.9622575463860426
41.423 1.904015421686747
44.122 1.8364910536779324
46.914 1.9813422222222223
49.619 2.2529033018867928
52.616 2.209474465049929
55.218 2.1684961240310074
58.019000000000005 1.9872221300138313
60.72 1.8338765182186234
63.224999999999994 1.8518150935282736
65.919 2.1075663655316195
68.421 2.1228543371522095
71.41 2.1411102578167855
74.121 2.138791551882461
77.019 2.1442358887952824
79.617 1.5319117265253137
82.333 1.5078521754960859
84.929 1.2702643144537293
87.526 1.5314410870006083
90.03899999999999 1.3731330350835884
92.828 2.04429512659951
95.80699999999999 2.132390730419478
98.32 2.054253863134658
101.018 2.1183220234423197
103.81899999999999 2.153371848739496
106.725 2.1622254283137963
109.519 2.1619800221975582
112.22 2.1520201963534364
114.81700000000001 2.1436594815825374
117.519 2.1472827140549273
120.40700000000001 2.1440658644711843
123.119 2.1541366906474817
