0.082 0.5857462746677407
2.711 0.7002859189227905
5.33 1.5294256130790191
8.235 1.5440888440181728
10.814 3.1444864539434074
13.518 2.88799639477242
16.309 3.798699528054536
18.81 2.5662117362371446
21.717 1.9856414435389989
24.715 2.5254245250431775
27.708 5.464063953488372
30.606 5.641371252882398
32.507 4.301424190800682
34.502 3.6983193577163247
36.806 8.819786695986807
38.703 9.22822293676313
40.604 7.689971452560873
43.105 5.809624823695345
46.007 5.697821680564465
48.707 5.6999775355137094
51.305 4.984173488087966
54.111 4.242629629629629
57.001 4.2385041736227045
59.81100000000001 3.929968757510214
62.510000000000005 7.409707750952986
65.404 7.4389787985865725
68.204 7.433942591155935
70.907 7.438181989627534
73.606 8.534188905547225
76.202 7.271364972700546
78.706 6.653106650924833
81.498 6.641985311171241
84.207 6.642134141720349
86.906 2.279637133956386
89.525 1.7410690305545076
92.217 2.701887838689351
95.118 3.5700251046025104
98.013 3.5672209302325584
100.912 3.496714461286358
103.911 3.179437037037037
106.60400000000001 2.709707309236948
109.42500000000001 1.4218996013343097
112.31299999999999 3.2821778808971387
115.11500000000001 2.273670081967213
118.01599999999999 4.390392561983471
121.007 4.206940074906367
123.811 6.815430060816682
126.707 8.965208528341135
129.705 7.9980920502092046
