0.01 3.63602
0.517 3.6823668639053255
0.916 3.6683803278688525
1.318 3.6028739693757363
2.214 3.606230010952902
3.217 3.586157806379407
5.113 3.5879742446755816
7.211 3.01810601209534
10.121 2.5625295309334577
13.117 2.6265488118662024
15.821000000000002 2.0660855513307985
18.335 1.9768505933994471
21.121000000000002 2.876873528294721
24.006 3.65431115028647
26.814999999999998 3.9860812613705274
29.515 4.992577494692145
32.509 6.493360201511335
35.309 6.468824499411072
37.909 4.666616233254531
40.82 3.0970798779393287
43.518 2.551310819262039
46.039 2.0101306857538677
48.822 2.127155218082289
51.528000000000006 2.312632275132275
54.123999999999995 1.865924155844156
57.102000000000004 1.6494037323623123
59.611000000000004 3.8415664585191793
62.422 2.3592283158304164
65.118 2.8064853948791924
68.013 4.134792372881356
71.012 3.5272246340232205
73.805 3.015649289099526
76.415 2.782120235756385
79.015 2.777542588866533
81.621 2.7768768606224628
84.121 2.778342899190581
86.922 4.843345316934721
89.707 6.240369051943335
92.507 4.534119521912351
95.31200000000001 3.852998204667864
97.816 2.9158043215211755
100.715 2.915677010343677
103.31899999999999 3.148261127596439
106.316 2.44967793569753
109.311 2.3802296275553068
112.025 3.1563133122585176
114.82300000000001 2.8268684684684686
117.41999999999999 2.7921484536082475
119.92099999999999 2.3099324975891995
