0.01 4.502811145510836
0.414 4.559120879120879
0.709 4.5481951219512196
1.011 4.452459970887919
1.812 4.4488858603066435
3.112 4.4472338653712695
4.611 4.571048728813559
7.51 4.881794830802025
10.308 6.70079543602282
13.307 6.784053166536357
15.905000000000001 4.993732337736933
18.509 4.55199350473613
21.309 4.557943269726663
23.81 4.7776923884514435
26.401000000000003 6.368873362445416
29.008000000000003 3.252713260294673
31.914 5.013002736726875
34.609 4.302976234003656
37.51 4.241061828598711
40.331 3.2952314744079447
43.117 4.004462331288344
45.821 1.9683192403346146
48.721999999999994 2.862304396843292
51.70399999999999 4.105598794878232
54.31399999999999 3.472473203652243
56.92 3.7418013774716727
59.507999999999996 5.5971682242990655
62.010000000000005 3.944096
64.615 3.5800654088050314
67.516 4.282245857036854
70.112 5.709403579871665
73.11 4.822569744597249
75.904 4.081162281722934
78.813 4.866743282787976
81.609 6.294679849982953
84.111 6.8606336
86.708 7.904399382398353
89.70599999999999 7.2396696165191745
92.61600000000001 3.1583644773358
95.12 3.1583811626195732
97.62 4.284462280924562
100.303 4.500790110739119
102.81200000000001 5.210381829343155
105.60900000000001 5.312033512866547
108.50899999999999 4.894788367405702
111.011 4.778529114597181
113.81 4.1222070415134
116.714 3.720348726801899
119.41399999999999 3.687866237942122
