0.036 1.2019900826446281
1.336 1.2190401567091087
2.436 1.2148273615635181
3.447 0.9398760393046107
4.898 0.5737323387450637
7.303 0.5786437571592211
9.219 0.5714631873252562
11.491 0.5747074380165289
14.118 0.5845826407334418
16.996 0.5316961299569994
19.804 0.5299953292853806
22.745 0.611745347698335
25.381 0.6363028203859475
28.073999999999998 0.6311575252303642
30.985 0.6095799782372144
33.509 0.5807159563924678
36.219 0.5809336470588236
38.866 0.624456860844276
41.397999999999996 0.5875097690941385
44.29600000000001 0.5876162669447341
47.048 0.5875025617140195
49.882999999999996 0.5712651583710406
52.804 0.5549497669601243
55.455 0.5086739411873498
58.003 0.596257998984256
60.571 0.7374275449101797
63.373000000000005 0.7331022670025189
65.973 0.5324790419161677
68.817 0.4828411214953271
71.747 0.6101494370522006
74.388 0.6412494965316625
76.978 0.6271044678055191
79.776 0.6221881081081081
82.287 0.5986959706959707
85.092 0.5590896336710834
87.796 0.5290785773366419
90.40700000000001 0.6166895558223289
93.184 0.44268748086929904
96.061 0.631308533916849
98.969 0.7594481012658227
101.661 0.6946854460093896
104.471 0.6829409282700422
106.97300000000001 0.522694293239684
109.787 0.6015179276033625
112.439 0.6077486671744098
115.39599999999999 0.6028775894538606
118.18299999999999 0.5697248178311187
121.143 0.5801396203306797
123.887 0.6031967763599732
