0.005 8.55534117647059
0.206 8.463978779840849
0.604 8.429973589435775
1.506 8.42260941828255
3.004 8.422653465346535
5.204 8.423535791757049
7.106 8.423757930697901
9.204 7.94508933217693
11.605 6.730966844044208
14.106 5.352747686613202
16.908 5.0182326118326115
19.41 4.285252484076434
22.102 4.379510406342914
24.708 4.450613202933985
27.409 5.0641388888888885
30.107 5.061688418577308
32.608 4.90954489413026
35.409 4.906520547945205
38.309 4.9076817679558005
41.007 4.85613059386434
43.608 4.560699832308552
46.5 5.622134969325153
49.205 4.645072660742289
52.108000000000004 3.1153743570203845
54.915000000000006 2.601772754312909
57.718 2.4015183231142165
60.316 6.36912728481223
62.905 3.9166792452830186
65.515 4.107001443001443
68.208 6.001081455805893
70.9 6.005521847246891
73.806 5.999586592178771
76.706 7.00023642172524
79.306 8.372580320366133
82.106 7.352567104739148
84.705 5.453603815580286
87.407 4.659662621359224
90.31 4.451862140450894
93.21 4.43171339563863
95.8 3.02376893272279
98.51400000000001 3.343494152626363
101.11000000000001 4.082356458771315
104.00999999999999 4.357141683778234
106.512 4.751824411134904
109.309 4.787271191213743
111.912 3.9991206052514463
114.511 3.9628997221520583
117.013 3.781552094757622
119.80199999999999 3.697377176015474
