0.01 4.328595238095239
0.41 4.367157894736843
0.811 4.284726717557252
1.509 4.278097902097902
2.313 4.2664483681112895
4.208 4.0279472030169705
5.911 3.9136250675310644
7.813 3.8857637327677628
10.613 3.966172696575012
13.311 4.017038888888889
16.213 3.878691947356681
18.81 3.9762685579196217
21.611 3.9640511325409284
24.610999999999997 3.8435405405405403
27.412 4.010797999999999
30.203000000000003 3.852318568232662
32.712 3.861195615514334
35.511 3.9473157642549115
38.312 3.821425682942568
41.012 3.841868626141171
43.611999999999995 3.853172136953955
46.409000000000006 3.911874185576275
48.91 3.964320321213473
51.510999999999996 3.975832725504498
54.403999999999996 3.900628762541806
57.010999999999996 3.8958704603284753
59.913 3.8881525664434977
62.911 3.8925201085615595
65.511 3.8873007056681086
68.016 3.9169533366783744
70.61 3.92773018549747
73.512 4.033610142630745
76.51 3.9980214568040657
79.315 3.983949975949976
82.012 3.988555879494655
84.612 3.9828776371308017
87.61 3.9089457877322475
90.113 3.8710536277602525
93.108 3.87360108917631
95.612 3.8435101858070295
98.112 3.9512597798079176
100.911 3.952186341022162
103.91 3.9857769429443533
106.713 3.924141467727675
109.50200000000001 3.823571749887539
112.011 3.874121146798879
114.713 3.9400100452034152
117.309 4.013057728119181
120.213 3.949471074380165
