0.024 1.928923076923077
0.822 1.9539089481946625
1.525 1.9458365217391305
2.225 1.9368473520249223
2.922 1.9200234948604993
3.728 1.8739058823529413
5.227 2.167600239377618
8.113 2.8652131036811888
10.615 3.2016255279211636
13.312 2.968373528217621
15.817 1.828441634241245
18.519 2.939296756107329
21.109 3.5429410664172125
23.816 3.536624829998057
26.516 2.9605447499538657
29.019 2.8308176886404737
31.718000000000004 3.512466347075743
34.513 4.03232892804699
37.21 3.822247848537005
39.915 3.6843544736280163
42.709 3.4138460251046028
45.303 3.166924699890869
47.913 2.7383741140215716
50.527 2.4607318789584802
53.415000000000006 2.4551633629528364
55.922 2.454277006434135
58.423 2.138230387288977
61.025999999999996 2.0865414516683867
64.022 2.204016992353441
66.617 2.8859475046210723
69.416 2.8885622157916497
72.105 2.890092354277063
74.818 2.4817721696459865
77.725 1.8879945292910874
80.724 1.8883018173452957
83.626 1.889300975731799
86.223 1.8281178683385582
89.025 1.8036742733605573
91.82300000000001 1.9823616034905918
94.61699999999999 3.1411881856540087
97.305 1.56830326558575
100.239 1.3357289460824238
102.93100000000001 1.5369694342076738
105.62700000000001 2.109877064717032
108.422 2.065128398384926
111.22300000000001 1.902763865342698
113.92599999999999 1.9042521489971347
116.52199999999999 1.9643051929213808
119.02199999999999 2.0104070499370543
