0.02 2.2036484848484847
0.723 2.230537634408602
1.319 2.219952380952381
1.922 2.2020713012477717
4.224 2.2614838343732275
6.816 2.266076379066478
9.716 2.236529793146033
12.521 1.9785205223880595
15.422999999999998 2.218031209362809
18.117 2.226280146163216
21.018 2.249043374214777
23.917 2.258284307692308
26.908 2.026975648916243
29.719 2.2289333333333334
32.517 2.258779381443299
35.515 2.2647531432076047
38.319 2.143456762749446
41.02 2.101338078291815
44.018 2.0953762927605406
46.919 2.268971446116058
49.716 2.1806273310914093
52.307 1.9066487025948105
54.926 1.7636547483488956
57.919 2.0801308744794764
60.81999999999999 2.1011430242761038
63.322 2.214323250840208
66.215 2.2803261848027536
69.121 2.1936983725135626
71.921 1.974723166708957
74.421 2.0345290591608025
77.011 2.127072146118721
79.921 2.1960379637618637
82.516 2.2825583494519663
85.221 2.1767758212877792
88.121 2.1658174142480213
91.021 2.224966411314084
93.521 2.201470743676859
96.224 2.1768545362392295
99.22200000000001 2.1768630451415456
102.132 2.0968441621885687
104.91999999999999 2.168671637953201
107.82 2.106896197327852
110.81800000000001 2.226072213500785
113.619 2.2313218785796107
116.221 2.2644486422668244
119.21700000000001 2.0433061118335503
122.119 2.1362391513982644
124.82 2.238333884297521
127.417 2.2780789348549693
