0.067 0.5600338852522141
2.792 0.5672926162260711
5.094 0.565078787878788
7.181 0.5667529626253419
9.498 0.5631076658053403
11.991 0.5653676552881925
13.885 0.564622467771639
16.186 0.5587754118119728
18.781 0.5657813233223838
21.083 0.5677755102040817
23.192 0.8468059701492537
24.665 1.0414962395345537
27.371 0.636538487394958
29.906 0.5230574545454546
32.792 0.5519251231527094
35.467 0.6613891213389121
38.267 0.6640092539039907
41.178 0.6624123144584937
43.697 0.6453396976929197
46.373 0.6436577196604726
48.879999999999995 0.6259066339066339
51.540000000000006 0.6363387096774193
54.175 0.6265723841376015
56.885000000000005 0.6299954233409611
59.788 0.27328491620111733
62.316 0.2689460580912863
65.211 0.281145285935085
68.101 0.663117076808352
71.061 0.8283341091285235
73.579 0.6529200438116101
76.099 0.5207870349235334
79.001 0.506416192283365
81.989 0.514319928507596
84.891 0.5117620352250489
87.611 0.4387229357798165
90.555 0.36730175136376686
93.29400000000001 0.2842548596112311
95.79599999999999 0.19001877035050757
98.41 0.1595068417415342
101.024 0.1594588704318937
103.981 0.20833227736712426
106.84200000000001 0.32947989821882956
109.452 0.24727117922520223
112.41900000000001 0.2187047437728066
115.04599999999999 0.26977589339794067
117.74700000000001 0.3937613776137761
120.72200000000001 0.6957975964579379
123.445 1.0331166848418756
125.945 0.6027919463087248
