0.012 3.5734840294840295
0.514 3.6076521739130434
0.918 3.543555555555556
1.812 3.5362312138728327
2.718 3.5267545333923045
5.012 3.6787967853042476
6.809 3.7808559498956162
8.811 3.825020739404869
11.113 3.7448763379640173
14.111 3.8926890982503366
16.612 4.036252553389043
19.514 4.055851458885941
22.21 4.0568519623594215
25.11 4.0505135736537605
27.714 4.014812812812813
30.311999999999998 3.99625527964725
32.901 3.823317052807347
35.81 3.7573765108323833
38.312 4.008530685920578
41.311 3.9994974501622624
44.214 3.9810158575262258
46.912000000000006 3.9500344827586207
49.91 3.9223235488854558
52.510999999999996 3.982610813443741
55.212 3.9814110150204822
57.903000000000006 3.614130472103004
60.611999999999995 3.5582443371704415
63.114000000000004 3.9599357429718873
65.711 4.002088586829154
68.609 4.054594847775176
71.412 4.0570059995200385
74.114 4.057335537190083
76.913 4.058483908312109
79.813 4.056338802660754
82.604 4.054973863386778
85.213 3.582202172096909
88.11600000000001 3.535425911559348
90.814 3.540167845355964
93.511 3.4419128787878788
96.214 3.794401630988787
99.21199999999999 3.790066225165563
102.113 3.7892975970425136
104.80799999999999 3.8283153347732184
107.40299999999999 3.961797812988172
110.013 4.011231713072204
112.81200000000001 4.044115211521152
115.81 4.045673027333677
118.31299999999999 4.045071797278273
121.114 4.051311903920876
