0.027 1.7650582524271845
0.925 1.7831518624641833
1.726 1.7816178343949045
2.428 1.7814555873925502
3.23 1.771728997289973
4.03 1.7452244008714597
6.824 1.9939774291219379
9.52 1.8757231925713023
12.136 1.641247053163339
14.922 2.7128400742115026
17.716 2.8828803680981596
20.417 2.4238520475561427
23.015 2.056695085528102
26.008000000000003 2.0954339145817538
28.516 2.136187195320117
31.222 1.9976629699756558
34.019 2.004040424980565
36.924 1.8205837615621787
39.431 1.759680660701996
42.424 1.8992649704446158
45.418 2.4073007087411407
47.919 2.3651649644073043
50.907 2.3474410427402246
53.81699999999999 2.652028820629503
56.513999999999996 2.3484171297809744
59.119 2.2136469150885767
62.021 2.214085347043702
65.017 2.2949587589860005
67.72 2.3370522522522523
70.615 2.336572283747381
73.519 2.102748119169425
76.109 2.008846093133386
79.022 1.891663371627037
81.822 1.9088803871859874
84.72 1.95812213740458
87.513 3.2161567291311752
90.418 2.4444131784179532
93.325 2.5916029567053855
96.016 2.3762472160356345
98.81700000000001 2.664332712600869
101.31700000000001 2.509734860883797
104.119 2.076485186123069
106.631 1.6840950118764846
109.43100000000001 1.4523347623485554
111.94 1.4920171139634384
114.63 1.7012802078822
117.321 2.122593420632386
120.02199999999999 2.1750594282043045
122.719 2.254494117647059
