0.033 1.4272894995093228
1.129 1.4422247972190034
2.128 1.4362721437740693
3.027 1.4391851851851851
4.028 2.326576512455516
4.721 3.4720871934604904
5.512 3.353759259259259
7.716 3.5057421487603304
10.206 2.4023464788732394
13.14 1.7271684384597212
15.91 2.792924219910847
18.721 2.528220461591457
21.72 4.511499702203692
24.512 4.599041940373926
27.014 4.226341412012644
29.921 2.388661950339853
32.716 2.840364707706621
35.217 2.829485832045337
38.112 2.7357265167847244
40.714 2.527663639027249
43.622 2.0724135128270254
46.608000000000004 4.848888324873096
49.31 4.756884520884521
52.012 3.396503156872268
54.614999999999995 3.2907961520842877
57.417 2.9141455568958587
60.010999999999996 4.4441651186790505
63.007999999999996 3.209299470899471
65.51 3.9665565749235476
68.012 3.8984733168205357
70.515 3.5066467537855215
73.414 3.34361081922553
76.11 2.396580803937654
79.019 1.8719009516013507
81.921 2.628385526737112
84.612 1.932327533265097
87.126 2.0701796237131704
90.05099999999999 1.9427415265200518
93.023 2.1968328800241768
95.91900000000001 2.1380287191269387
98.52199999999999 2.923627075351213
101.416 3.3675728952772075
104.10300000000001 3.029931623931624
107.01400000000001 2.5538433300557193
109.62100000000001 2.2724976303317534
112.12100000000001 2.4574638723803566
114.91499999999999 3.149687203791469
117.61500000000001 2.2324299373557532
120.21799999999999 2.1292444444444447
