0.057 0.7925929155313352
2.058 0.8045507433742728
3.757 0.8393518379594899
5.249 1.0682611683848797
6.539 1.0527665056360709
7.849 1.2936133162612036
8.734 1.2881932773109244
9.847 1.135117169750081
12.557 1.132768387846588
15.140999999999998 1.0805651788353532
18.048 0.9758016872160935
20.851 0.8056447859495061
23.57 0.7728173076923077
26.36 0.5854326414326414
28.979999999999997 0.5899989468141127
31.482 0.5891927582534611
33.983 0.6025147150907952
36.892 0.7033719943422914
39.769 0.7257365242675017
42.370999999999995 0.6192571428571428
45.048 0.575704244637152
47.899 0.5537263157894737
50.828 0.4046331379203949
53.718999999999994 0.40741102478727337
56.281000000000006 0.4305703604007776
59.125 0.46754138192862565
61.917 0.46746161259235464
64.708 0.4730100063870556
67.609 0.478147859922179
70.306 0.6102979047619047
73.189 0.34560451083193194
76.164 0.3044717254712422
79.037 0.41123544122901035
82.012 0.40406427688504326
84.94399999999999 0.6015194968553459
87.49000000000001 0.6025963259538389
90.29400000000001 0.6012434456928839
93.18100000000001 0.6347332053742802
95.88 0.6258308026030369
98.548 0.6233392207792208
101.09100000000001 0.6152515592515593
103.69200000000001 0.6110693723454459
106.489 0.5957333333333333
109.09700000000001 0.5225534495830175
111.893 0.597736813400857
114.875 0.6519918533604888
117.487 0.6532399049881235
120.28200000000001 0.6771751250893495
122.94300000000001 0.6995015576323987
