0.02 2.092673381294964
0.831 2.1275897435897435
1.518 2.1230664136622392
2.126 2.1075525423728814
2.825 2.1089290322580645
3.52 2.6741993704092337
4.527 2.022319713261649
6.023 2.0028083097261566
8.82 2.505568857877341
11.62 2.19083550056811
14.120000000000001 3.678480220012693
16.911 2.62355576353143
19.427 1.6416554286245006
22.316000000000003 3.502527388535032
25.011000000000003 3.51124358974359
27.703000000000003 3.3237443744374437
30.512999999999998 3.223673197165486
33.017 3.2266448087431696
35.812 3.133094369547978
38.413 3.052474184221396
40.914 2.8854498381877023
43.527 2.0175842410196987
46.217 3.1816795398520954
49.212 3.406429615197272
52.004000000000005 3.4030355281856943
54.712 4.120227401932916
57.510999999999996 4.643737339471771
60.214 3.443121780881711
62.922 2.2496261362139376
65.802 4.274844444444445
68.409 4.343664953751285
70.909 4.221822113022113
73.613 3.9550072202166064
76.114 3.8360427762633678
79.012 4.100909817858729
81.613 4.585985026737968
84.413 4.188232342514317
87.213 2.898555086890501
89.905 2.8632941965783294
92.418 3.221797710639895
95.31700000000001 3.046402022756005
97.916 2.742488294314381
100.518 2.7290377213240955
103.219 2.6745065824117957
105.72 2.6583340263340265
108.71700000000001 2.6605187944463258
111.21700000000001 2.5482515337423317
113.924 1.6490404286410132
116.62899999999999 1.8511591962905718
