0.042 0.9893931972789115
1.648 0.9965092073658928
3.044 0.9857762114537445
4.253 1.006846963562753
5.643 1.015167701863354
7.05 1.0215490394337714
8.142 1.0211157368859285
9.462 1.004843775909037
12.045000000000002 1.0094191448439118
14.946000000000002 0.9862544179144745
17.454 1.0179463850528025
20.128999999999998 1.0289818780889621
22.948 1.0287744
25.851 1.0179815994338286
28.357 1.0295807560137458
31.046 1.028691011235955
33.546 1.029475035663338
36.442 1.0254286541244573
38.943 1.0295327687296416
41.742999999999995 1.0523323996265175
44.629000000000005 1.0528948247078465
47.443 1.052957464553795
50.245999999999995 1.055890499194847
53.045 1.0406356413166857
55.849999999999994 1.0328983465133
58.637 1.0230773574251835
61.346000000000004 1.035191346153846
64.244 1.0357882513661203
66.749 1.0389776192020759
69.625 1.0069527027027028
72.454 1.0018838504375498
75.027 0.9899771251931994
77.846 0.9928429530201343
80.448 0.9797377632749926
82.953 0.9782634146341463
85.855 0.951554435483871
88.45599999999999 0.9536706459525757
91.154 0.9765503966705684
94.132 1.054873857404022
96.85300000000001 1.0516459246275196
99.64500000000001 1.0588050089445438
102.344 1.0510194805194806
105.14500000000001 1.0393659217877096
107.64699999999999 1.040738498070644
110.16 1.0371577864636907
113.15100000000001 1.0353863995782815
115.852 1.0284493964716805
118.452 1.013010173548773
121.25 1.014870056497175
