0.011 3.767896373056995
0.516 3.727710280373832
1.413 3.727086321381142
2.213 3.7302926829268293
3.116 3.717478787878788
5.31 3.7172064965197213
7.116 5.896918346429791
10.106 6.012922874958976
12.71 3.9556776521529953
15.411000000000001 4.417924643584522
17.911 4.519931375097479
20.812 5.580496350364963
23.407 5.367659884603705
26.313 4.129539019963702
29.000999999999998 6.240059120964605
31.61 4.989818603303391
34.115 4.76274362974519
37.018 3.487004444444444
39.809 5.331875150060024
42.718 2.9293432937181665
45.711 5.058333539987601
48.512 4.038912549292507
51.413 2.7799230408259032
54.099000000000004 5.873778735632184
57.013999999999996 3.765458458889367
59.712999999999994 4.925957297455397
62.711 3.5862095808383234
65.617 5.864826765799257
68.417 3.8152171581769436
71.005 8.54968888888889
73.609 6.167655600145932
76.414 2.975379393939394
79.001 4.8129028006589785
81.724 2.428526217974247
84.312 5.92880411046885
87.006 4.817860674157303
89.612 3.9289455103607063
92.11600000000001 3.6646194539249146
94.916 4.191249693100908
97.61099999999999 4.177362530413625
100.314 2.595065846153846
103.11000000000001 2.891078246484698
105.719 3.151128888888889
108.518 2.270331002331002
111.024 2.2154062951198386
114.02199999999999 2.3966510500807754
116.52600000000001 2.6456369426751594
119.112 4.255788812067882
121.81200000000001 4.269875222816399
