0.118 0.4041144762434009
2.94 0.4064794252122796
5.74 0.4047959479015919
8.242 0.6036194174757281
10.935 1.3662863113897596
13.532 1.0557074190177638
14.656 0.875346181299072
16.147 0.9296737967914438
17.746 0.9923292181069959
19.058 1.0027573721025922
21.952 1.37450676416819
24.533 0.9847610358245003
27.043999999999997 0.8389420755343893
29.65 0.8304896073903002
32.474 0.6641422643746295
35.271 0.8531256746337702
38.163 1.0171416490486258
41.144 1.0056299292214357
43.741 0.9476542056074767
46.241 1.0382186007305423
48.953 0.8976632267807702
51.721000000000004 1.1272285714285715
54.434 1.449078453038674
56.934 1.0693623639191292
59.83 0.8408948598130842
62.354 0.8377275234418091
65.05 0.9944338990878652
68.02 1.0201103262697613
70.541 1.0063361608545398
73.347 0.9845020644095789
76.33 0.7309158444573418
79.17 0.7974075949367089
81.84 1.0593168635875403
84.438 0.7571517652453004
86.99 0.9275082485875706
89.94800000000001 1.2604800534134535
92.713 0.9474729488220959
95.446 1.0760173535791757
97.947 1.068548148148148
100.82400000000001 1.0581375661375663
103.549 0.8896453170260702
106.257 0.8363349646547037
109.237 0.7650331534309947
111.762 0.8308568991256131
114.27199999999999 0.7176755846585594
117.059 0.8588276324614353
119.662 0.8661858267716536
122.559 0.8604613987284286
125.428 0.8409737827715356
