0.011 3.4546508313539195
0.517 3.4766480446927375
0.917 3.4183873325213154
1.812 3.4176983240223464
2.812 3.5266657663740717
4.413 3.1693689416419386
6.516 2.874650793650794
9.112 2.7105099041533545
11.81 3.209155221072437
14.515 3.7096212056434372
17.317 2.787460083360051
20.117 2.891458827574351
23.013 2.970207360107545
25.520000000000003 3.344296895094617
28.511000000000003 3.670371082132235
31.412 3.7047900172117036
34.113 3.9249007928005146
37.002 3.8676281690140843
39.812 3.6881478098401494
42.711 3.701744689980691
45.413 3.740129268851707
48.313 3.760751968503937
50.913 3.7648070004861447
53.510999999999996 3.809041394335512
56.411 3.8130615711252656
58.912000000000006 3.8124566017885324
61.909000000000006 3.6510351844001696
64.812 3.6408019207683076
67.513 3.701107932379714
70.213 3.785115872321819
72.912 3.7811549988816817
75.512 3.8226509454949946
78.113 3.8397791894852134
80.714 3.5522500970873785
83.413 3.5724256965944274
86.113 3.582202172096909
88.70599999999999 3.236040455120101
91.51400000000001 2.4309800481109383
94.12 2.217608297742526
97.02000000000001 2.6112297439494916
99.911 2.615232292460015
102.624 2.0418426294820717
105.22 1.8942131979695431
108.025 2.270992713494608
111.013 2.8467354359925787
113.81299999999999 2.412192815474363
116.804 1.6503203377203874
119.43799999999999 2.1413535736875398
122.213 3.8886363636363637
