0.02 2.190373493975904
0.721 2.2225714285714284
1.319 2.198145383104126
1.926 2.1740156361051883
3.42 2.190177554438861
4.121 2.1691089108910893
6.122 2.1682490272373545
9.016 2.1642591836734697
11.517 3.759043526170799
14.41 3.074476030277544
16.916 2.7123203463203462
19.815 3.545615458937198
22.41 3.6610961817303047
25.014 3.0831653116531164
28.012 2.5997718360071302
30.819000000000003 2.3853530959966758
33.613 2.5861233940420725
36.32 2.2688799231508163
39.019 2.477787394167451
41.807 3.6530103806228373
44.413 4.0291812345679014
47.203 3.5841399752984766
50.111999999999995 3.2880754856614245
53.111000000000004 3.5774666374972655
55.809 1.1498074268813672
58.616 2.5210114942528734
61.429 1.744110599078341
64.422 1.7892152917505029
67.029 1.765574712643678
69.828 1.7394484256243212
72.724 2.5664431946006747
75.614 2.765609671848014
78.319 2.980006734006734
81.313 2.7599573475508166
83.919 2.1482460088981945
86.812 2.7834633247327685
89.613 2.78761759082218
92.313 2.829199698568199
95.012 3.874904051172708
98.011 1.7059777424483307
100.61600000000001 2.7525992167101827
103.315 3.4127256395235306
106.011 3.2898108527131784
108.71799999999999 3.3114747248647642
111.61500000000001 3.1650716812511637
114.11500000000001 2.5619455452601567
116.71600000000001 3.4309963861641712
119.715 2.8048715824357915
122.21700000000001 2.7036117381489846
