0.026 1.610640088593577
1.027 1.620625
1.93 1.6168439306358382
2.735 1.6366185125735688
4.72 2.3875910079767944
6.212 2.882932126696833
7.216 2.54179649122807
10.109 4.244070035017509
12.207 4.315410499683744
13.911 4.839266034578918
16.606 6.916537788385043
19.207 5.876874912648497
22.106 4.681065677966101
25.008 4.501238377843719
27.608 5.110924498247849
30.308 4.871248656294202
32.907 6.021535831689678
35.7 4.941840431913617
38.608 4.871348505621058
41.308 4.84658202247191
43.908 4.657015981735159
46.507 5.653166233766234
49.205 5.007621301775148
51.808 4.293147807823576
54.709 4.663908291122367
57.507000000000005 4.26052314697698
60.203 3.8375458550260313
62.813 3.793311853811012
65.511 3.8635547511312214
68.013 3.6136756418284284
70.914 2.965884912280702
73.717 3.289836492437297
76.512 3.7671592520954222
79.213 4.387071462829736
82.011 4.445532386226824
84.903 3.5466468155500417
87.816 3.7893530717986676
90.412 3.9035982731197456
92.91499999999999 3.1974077542610977
95.81899999999999 2.4875340481019994
98.814 3.5752284866468846
101.612 4.851906718489728
104.305 6.814702529104777
106.90700000000001 5.841663705166173
109.69999999999999 4.675357535753576
112.411 4.479573280159522
115.007 5.145660872417186
117.608 4.89914634839443
120.21000000000001 5.757662650602409
