0.048 0.9193476611883691
1.749 0.9185535055350553
3.248 0.9223874690849134
4.552 0.9245026022304833
6.051 0.9188587491215742
7.553 0.9251941391941392
8.751 0.9131496649292629
10.252 0.9180145214521452
11.859 0.8847962650758657
14.649000000000001 1.04833725265271
17.24 1.0290928004379962
20.156999999999996 0.9047613412228797
22.835 1.2086165413533834
25.54 1.2077313182199831
28.341 1.2165124864277959
30.851999999999997 1.2186821963394343
33.832 1.4171075110456555
36.436 1.4131057108140948
39.329 1.172875760724358
42.145 1.103814787154593
44.947 1.1660670263200916
47.641999999999996 1.4114975988178797
50.625 1.7774174890980032
53.126999999999995 1.905558583106267
55.925 1.6722085661080075
58.828 1.6710813926677426
61.414 1.6720621238594446
64.125 1.3034381270903008
66.74 1.234361464354528
69.441 1.2438136645962734
72.141 1.2833605015673981
74.93 1.4623634703196347
77.734 1.4571920148178639
80.73 1.2839299333436678
83.339 1.1702948388936414
85.94999999999999 1.107629437229437
88.74799999999999 1.1141587301587301
91.34700000000001 1.1134545454545455
93.84800000000001 1.1043368421052633
96.547 1.1210329985652798
99.44399999999999 1.3096109839816934
102.332 1.1781666666666668
104.935 1.3110281065088756
107.44 1.4051895401262398
110.132 1.5282772908366535
112.72800000000001 1.4114055248618784
115.43299999999999 1.4041495879991548
118.226 1.7509594000517197
120.72800000000001 1.7563656758272574
