0.009 3.654291457286432
0.513 3.671504424778761
0.914 3.6212851612903227
1.812 3.606863768115942
4.01 3.6097745586238115
6.31 3.630857790368272
8.11 3.656799596163554
10.21 3.6364749249892845
12.612 3.6227697730777706
15.212 3.5906492861576664
18.112 3.655281900357368
20.911 3.605491103965702
23.611 3.4699065567334118
26.311999999999998 3.3357170606560382
28.814 3.5890809843400446
31.412999999999997 3.3586627657499513
34.115 3.3653577023498698
37.014 3.4197451737451736
39.709 3.5786521739130435
42.51 3.6876447105788426
45.111 3.6900320744956026
48.11 3.8634216380182003
50.711 3.623990212071778
53.212999999999994 3.7292132269099203
55.712999999999994 3.672191435768262
58.614000000000004 3.3133676962423766
61.31399999999999 3.2144756793022475
64.313 3.621759412304867
67.21 3.567351577188218
70.112 3.657959011197972
73.102 3.5992216308281884
75.911 3.6489309832236145
78.713 3.6693724094620057
81.615 3.6595495099019804
84.21 3.5960841449162446
86.91399999999999 3.4340773078672124
89.71199999999999 3.4733150684931506
92.50899999999999 3.7694257028112452
95.10900000000001 3.6956380274529743
97.613 3.416528682882056
100.412 3.4235294117647057
103.012 3.600446641944788
105.91399999999999 3.60335894714498
108.714 3.4864131971720345
111.41300000000001 3.5246941737507775
114.31299999999999 3.4330559694364853
117.113 3.4989116859946474
119.714 2.934983997276132
122.215 3.34186013986014
