0.01 4.691638709677419
0.407 4.714545454545455
0.711 4.638836363636364
1.408 4.634606060606061
2.107 4.643847672778561
2.908 4.6170489913544674
4.406 2.53454919236417
7.3149999999999995 2.705060682120183
10.219000000000001 2.7424536357571716
12.812000000000001 3.759447140381283
15.510000000000002 2.655494196701283
18.116 3.316555478018144
21.110999999999997 3.102022360248447
24.003999999999998 2.7473929754804507
26.613999999999997 2.241830832196453
29.113999999999997 2.8209931245225364
31.816000000000003 2.797971056439942
34.61 2.8582944735780558
37.224 2.539095115681234
39.911 5.308936781609195
42.909 3.528256
45.614 3.2042237762237766
48.608000000000004 4.982351555929353
51.206999999999994 5.247946084724005
53.907 5.275729794933655
56.80500000000001 5.232012426219323
59.604 5.226262339787292
62.313 5.2222389937106914
65.101 5.277166872682324
67.909 5.194455445544554
70.81 5.179394607843137
73.609 5.16310576923077
76.506 5.221504915102771
79.41 5.26145757837216
82.009 5.230112181303116
84.608 5.163029500301024
87.508 5.116005329780147
90.299 5.143633532934132
93.207 5.298249534450651
96.008 5.258486983154671
98.81 5.249899782135076
101.612 5.199811960725974
104.50999999999999 4.755020728291316
107.113 3.5512734546909384
109.714 4.630781803323345
112.507 5.061123063925654
115.30199999999999 5.15750164365549
117.912 5.049823081429408
120.90899999999999 5.159363022941971
