0.013 2.998779381443299
0.625 3.028321167883212
1.121 2.969837037037037
2.117 2.969747572815534
3.215 2.9642406356413167
5.016 2.980715789473684
5.915 2.972746048472076
6.916 2.957091669571279
9.417 2.922814077497334
12.113 2.978648815653965
15.009 3.083556658982089
17.718 3.0833393217231895
20.716 3.242653458081086
23.714 3.243987480438185
26.313000000000002 3.2539841584158418
29.104999999999997 3.2491684997800263
31.915999999999997 3.2466801007556674
34.91 3.2518182652592933
37.712 3.169540312876053
40.317 3.1527474402730378
43.217 3.1673493788819873
45.914 3.252101606275682
48.81399999999999 3.23657767255509
51.416 3.218382208226727
54.11 3.143633423180593
56.712 3.145069654528478
59.614999999999995 3.0965752140895138
62.414 3.022874880245258
65.406 3.0970097932535365
68.015 3.2527033333333333
71.014 3.317868945868946
73.713 3.3083292894280762
76.613 3.2780074074074075
79.313 3.2685998421468034
81.915 3.144999233716475
84.613 3.1089073692877727
87.114 3.2272805755395684
89.703 3.2448988764044944
92.614 3.2578167938931295
95.41300000000001 3.2175712143928035
98.315 3.1826279245283016
101.213 3.187409812146635
103.815 3.195073216638434
106.71600000000001 3.124945608167576
109.51400000000001 2.953370396108409
112.31200000000001 2.91943599740091
115.20400000000001 3.07251040221914
117.91300000000001 3.069338168631006
120.71100000000001 3.0749679075738126
