0.01 4.631872611464968
0.436 4.5649785407725325
1.214 4.563844155844156
2.309 4.184459644322845
3.115 3.9184235872235873
5.209 5.510287188306105
6.408 3.1740125045972785
8.919 2.18998039684437
11.420000000000002 2.229963656088961
14.418 2.7820030441400303
17.117 3.01707544141252
19.712000000000003 2.810962849482957
22.607 1.8579367181751287
25.323 1.7904544049459041
27.823 1.7928670212765958
30.42 2.1338033503277494
33.419 2.7327180212014137
36.314 2.9935411913814955
39.312 4.358336458907887
42.211 4.098746533555186
45.112 3.3268805970149256
47.806 6.683973896353168
50.51 3.111897741201191
53.31399999999999 3.1617556071152357
56.120000000000005 3.1498595606769895
58.711 3.0694091488973942
61.315 2.129648183131459
63.92400000000001 2.3936764009471188
66.517 2.5391138662316477
69.226 2.275944023323615
72.217 2.1283679561376787
75.128 1.9017743462017433
77.72 2.6598407212622086
80.417 2.7691848879973255
83.017 3.2431639668115366
85.803 3.957828092243187
88.315 2.918709236031927
91.119 3.7790884293884734
93.72300000000001 2.3458787962072285
96.626 2.516704778657285
99.517 3.2696119402985073
102.21700000000001 2.3976633283029223
105.131 1.665213888888889
108.126 1.8468300545152878
111.11000000000001 2.19010904938624
113.72399999999999 2.3858220467658673
116.62100000000001 2.6247393364928913
119.21700000000001 3.036304932735426
122.01499999999999 2.140661304736372
