0.065 0.7203605745418524
2.168 0.7261610268378063
3.966 0.7260584036340039
5.676 0.9279522388059702
7.158 1.04938683788122
8.541 1.1572875143184422
9.551 1.1754733333333334
12.048 1.5947172932330826
14.925 1.6152140151515153
17.729 1.2455032367972743
20.229 1.9072937595129376
23.219 2.8883998425816606
25.816000000000003 2.663434599156118
28.713 3.9037815442561206
31.412 3.910201070791196
34.404 3.9877753779697622
37.311 4.4599723183391005
40.108 4.677037623762376
42.71 4.983396353436185
45.311 4.9924282407407405
48.309 5.04894306930693
51.11 5.073354312354312
53.61 5.0879038076152305
56.206999999999994 5.266537842190016
58.91 5.264616310562745
61.81 5.346618412698413
64.702 5.486602920125966
67.309 5.557021486438887
70.209 5.941862212943633
72.71 5.955665634674922
75.709 5.43411893281903
78.409 5.1460964360587
81.311 5.192118483412322
84.308 5.44143010113028
87.211 5.4396865055981145
89.905 4.972915047839954
92.408 4.967091849935317
95.109 5.015981313868613
97.612 5.101900777047221
100.514 5.09615909765509
103.512 4.9831397341211225
106.511 4.941070964093865
109.112 4.551052010723861
111.912 4.2118187425860025
114.90199999999999 4.21512521696008
117.512 4.2217636833450785
120.31200000000001 4.225456504174522
123.112 4.17233688286544
125.811 4.118227648114901
