0.021 2.0005612104539203
0.833 2.0205194805194804
1.522 2.0123309352517986
2.12 2.0120647249190937
2.828 1.9822323901264298
4.63 2.0520217739353184
7.319 2.1515057915057914
10.317 2.1225659244433324
12.921 2.2871820315119007
15.527000000000001 2.1327607934655775
18.523 2.0695161023947155
21.217 2.0715280835450183
23.822 2.194324449594438
26.505000000000003 2.0452964972866305
29.125999999999998 2.0722093316519543
31.924 2.053199888796219
34.618 2.0092470771628994
37.534 1.8163834914124584
40.519 2.4053771689497716
43.422 2.4001429035401105
46.119 2.2752255183413075
48.821 2.07040043348686
51.807 2.068431623931624
54.617000000000004 1.9334807851810891
57.321 2.1664077201447527
60.218 2.1391617473435653
62.721999999999994 2.0453080028496795
65.523 1.936028088094478
68.223 2.188521934758155
70.819 2.0706864721485414
73.72 2.0551270588235293
76.411 2.092525075363113
79.118 2.1907475247524753
81.92 2.1894348400740156
84.821 2.2637749586321014
87.523 2.2987933028919327
90.425 2.299564668769716
93.026 2.114689315608075
95.73 2.20327310273619
98.523 2.3451659609342985
101.10900000000001 2.4439857651245553
104.02000000000001 2.401886350322203
106.52600000000001 2.2819568715803027
109.22 2.2863192488262913
111.726 2.205217591261857
114.31899999999999 2.044369502992454
117.22300000000001 2.0499198025909933
120.02000000000001 2.066837606837607
122.928 2.0658904700301854
