0.115 0.4405961829748561
2.631 0.4424600071098471
5.607 0.4399748328745576
8.312 0.4421963015647226
10.814 0.43936021505376344
13.506 0.44467957746478876
16.413 0.5412003530450132
19.288 0.5794966666666667
22.278 0.6620977484898408
24.781 0.664778972520908
26.582 0.6307504168982768
28.655 0.4894921630094044
31.432 0.4350837449741528
34.025 0.5006641141663767
36.591 0.6395022831050228
39.477 0.6230315315315316
42.397 0.5565060591371789
45.097 0.55322681359045
47.907 0.2827191774854056
50.626000000000005 0.315434648754548
53.620000000000005 0.3321137440758294
56.196 0.34011206896551727
59.155 0.3684787861758921
61.943 0.3706603837091888
64.662 0.34662887511071744
67.274 0.3195391800726518
69.853 0.316831700413673
72.67 0.3281328413284133
75.528 0.40502307185234016
78.36 0.405107713217805
81.041 0.40145616831367553
83.827 0.2600421052631579
86.426 0.23244103392568657
89.132 0.2361907514450867
91.75800000000001 0.9469465346534653
94.35 0.940670588235294
96.85 0.9392328278322927
99.553 0.9051897810218978
102.435 0.8911444015444014
105.35300000000001 0.8948008948545861
107.85499999999999 0.8429605989934945
110.69800000000001 0.7124893561560518
113.399 0.5683365949119373
116.095 0.5601365298659082
118.685 0.5637974683544305
121.19200000000001 0.8369359477124183
123.868 0.8397374045801527
126.761 0.875559581881533
129.261 0.8837427708243418
