0.011 4.12013597733711
0.413 4.121324503311258
0.814 4.079209302325582
1.611 4.078453333333333
2.41 4.058011195928754
4.408 4.04830322173089
6.11 4.040223089793642
8.014 4.039994707828004
10.61 4.043214162773543
13.21 4.00313910034602
16.111 4.02131729879741
19.01 4.049991813147122
21.714 3.941071125975474
24.310000000000002 4.0541220489977725
26.911 4.069810248604769
29.6 3.99625527964725
32.51 3.964829437229437
35.21 3.966320654790563
37.912 3.9977065706570656
40.91 4.042603561387066
43.712 4.055214711729622
46.31100000000001 3.9798290285714284
48.812 3.9705201072386056
51.41 4.033695115934879
54.20399999999999 3.9841311774083352
56.712999999999994 4.013786463298379
59.510999999999996 4.011030556718293
62.411 3.9619246609743843
65.012 3.9992768149882902
67.806 4.005812124016659
70.712 3.9824603062426385
73.511 3.7386457789382073
76.213 3.864328042328042
79.004 4.033977508269019
81.612 3.966973785990546
84.31200000000001 4.008246284501062
87.31 4.021859310344827
90.309 4.006774813233725
93.21100000000001 3.985372807017544
96.112 3.9832081326912787
99.012 3.97734685215751
101.81200000000001 3.9837173467061775
104.50399999999999 3.958820895522388
107.411 4.002889740698985
109.912 4.0188179669030735
112.713 4.028703878054248
115.214 4.052988891759235
118.21100000000001 3.9769540945790083
121.11099999999999 3.9810010413051025
