0.026 1.405225120772947
1.139 1.3879599826011308
3.542 1.3885738601823707
6.435 1.409828245363766
9.026 1.7705057627118646
12.006 6.155826086956522
14.01 2.520570633263744
16.515 2.2979133261105096
19.321 1.3494193037974682
21.916 2.1798163387000598
24.835 2.081548172757475
27.516 2.667911304980007
30.314 2.445853406522441
33.016 2.773121070234114
35.802 3.015159633027523
38.516 2.897355825814045
41.118 2.911743975903615
43.812 3.3203898781630743
46.513 4.969600000000001
49.208 5.612827586206897
51.905 5.481418878065167
54.506 4.0863065008214035
57.31699999999999 3.578024562109926
59.908 5.9659248449471
62.706999999999994 5.534425814615628
65.407 5.597157859754071
68.005 5.755166366366367
70.601 5.027528362014022
73.308 6.047065155807365
76.205 6.643561013046815
78.905 6.773054487179487
81.506 7.768
84.305 7.8392629695885505
87.108 7.036187692307693
89.807 5.909825864276568
92.509 4.257032514271531
95.298 8.138976152623211
97.805 7.344906370243694
100.707 7.019309210526316
103.706 6.735566888976069
106.308 5.802520811833505
108.811 2.91908601970937
111.416 2.0711839921913127
114.20599999999999 2.5270912455516013
116.82300000000001 1.59097800655124
119.809 2.5740544256659983
122.418 2.864546284462297
125.018 2.9495459366980326
127.91499999999999 3.883936335929563
