0.01 4.997965635738831
0.406 5.018709677419355
0.708 4.932330404217926
1.309 4.917749196141479
2.008 4.928874251497006
2.71 4.8938248267170765
5.508 4.895144639818491
8.107 4.110696881310298
10.614 3.6235680916703394
13.212 3.8546441581519324
15.809000000000001 4.081731455399061
18.611 3.731887286443311
21.209000000000003 3.71806983592764
24.203000000000003 3.7194540253371473
26.711 3.7223183294663573
29.613 3.607765346742091
32.509 3.418083970890091
35.411 2.9374391157068995
38.113 3.190529006882989
40.713 3.3545347253744895
43.512 3.61705476673428
46.507000000000005 4.290762492981471
49.41 4.285671278361926
52.31100000000001 3.7826972010178115
55.211 4.488024628014366
58.206999999999994 4.095780155642023
60.91 3.669290446103772
63.712999999999994 4.113789830508474
66.61 4.319987857323552
69.608 3.5986530866763666
72.508 3.994693761814745
75.501 4.491065342394146
78.409 4.561174082747853
81.309 4.606922185847393
84.308 4.653969246281825
86.908 4.338877814318239
89.409 4.252006644518273
92.10900000000001 4.741853712393045
94.80799999999999 4.728797783933518
97.50899999999999 4.649054968860006
100.501 3.917307942405945
103.411 3.523501612903226
106.40899999999999 4.370603501544799
108.91 4.311028654686741
111.612 4.22770455110669
114.21000000000001 3.746518240567021
117.10900000000001 3.5992475338380365
120.013 3.3378695062923525
122.71600000000001 3.338941484716157
