0.018 2.4039801652892563
0.724 2.42147859922179
1.324 2.3670507772020724
3.319 2.609649772806711
6.213 3.037711238095238
8.916 2.670193333333333
11.417 3.6531114473020674
13.512 4.034187351402758
15.71 3.3055542635658917
17.812 5.321036390101892
19.309 7.418163822525598
21.705 4.02768582375479
24.514 2.868501135994807
27.316000000000003 3.6788617623282134
30.310000000000002 3.85375738650012
33.012 3.76719842485233
35.707 5.266679700977574
38.309 5.29267459042724
41.199 4.902264900662251
43.91 4.202102289332683
46.612 4.806534315169367
49.608000000000004 6.315470438882844
52.408 5.935887775551102
55.010999999999996 5.002324869990822
57.91 4.445824650571792
60.414 3.332379897111199
63.013999999999996 3.368137785588752
66.001 4.572864927536232
68.512 3.7548179419525067
71.112 3.5638369699464802
74.012 4.051172777378385
76.81 4.154452611218568
79.51 4.666824281150159
82.309 4.545115031055901
84.913 4.389514027579648
87.714 4.4080143921870985
90.401 4.423458525345622
93.00899999999999 4.288501248127808
95.612 3.841350135013501
98.113 3.846093189964158
101.11000000000001 5.33964165875277
103.814 5.336356641221374
106.71199999999999 5.602450165016502
109.31 5.641187162376867
112.00999999999999 4.223503105590062
114.80099999999999 3.9937884444444443
117.41300000000001 3.870034533793784
120.013 3.8158689685701637
122.614 3.7249964274114973
