0.008 4.646670926517572
0.41 4.679097744360902
0.709 4.578296900489397
1.408 4.579101796407185
2.112 4.567005727376862
3.912 3.0421073247160204
6.612 3.189850304934393
9.113 2.0372930056710774
11.727 2.687288312982806
14.312000000000001 3.0900693153000844
17.219 3.534815232722144
19.909999999999997 3.7812591447707367
22.603 3.774194319880418
25.21 2.562309023485785
28.014000000000003 2.567596875
30.613999999999997 2.5643611111111113
33.114 2.5624890656063615
35.714 2.728422025413939
38.407 3.694092566619916
41.113 3.047439175257732
44.111 3.04042284739983
46.703 3.0951186715269343
49.21 2.6457833959685684
51.718999999999994 2.6913429888084264
54.413 2.7360525492649357
56.916 2.879440588134724
59.813 2.8668218399401644
62.614999999999995 2.342099762470309
65.418 2.9022624065261726
68.41 4.152823218997361
71.111 2.9057311790993468
74.015 3.1578263027295286
77.012 3.3604632178452776
79.716 3.0653708364174688
82.51 3.065141150112024
85.314 3.068482730597318
88.312 3.069313684210526
90.812 2.868103896103896
93.51499999999999 2.6195747747747746
96.10400000000001 2.6597413361914968
99.013 3.5491472868217055
101.513 3.5413511651469096
104.01400000000001 2.127779393331662
106.62 1.5753674682758008
109.51499999999999 2.671292479108635
112.01499999999999 2.9001520856404577
114.811 2.1861315789473683
117.429 1.503655340883855
120.21600000000001 2.8049180327868855
