0.02 2.3648910569105692
0.717 2.3935384615384616
1.329 2.34656856187291
2.619 2.386671785028791
3.221 2.3434078291814946
4.723 2.338002188982123
7.525 2.4766222222222223
10.514 2.626593188854489
13.311 2.737826645264848
15.915 2.734145100972326
18.714 2.756067448680352
21.514 2.769593962264151
24.218 2.793070796460177
27.207 2.7519522071025557
29.814 2.7594659949622162
32.325 2.7346139431475307
35.214 2.6276735045187207
37.825 2.405269489051095
40.714 2.6905661063153112
43.419 2.654844129866133
46.022000000000006 2.647673348181143
48.818 2.6729094088842253
51.403999999999996 2.669496035849707
53.923 2.683335
56.619 2.686540014958863
59.42 2.683258052573121
62.218 2.6781069651741296
65.018 2.6603403508771932
67.917 2.657918032786885
70.42 2.679879162375558
72.92 2.7083069767441863
75.614 2.7102233438485803
78.516 2.723945920745921
81.021 2.7006330085621495
83.914 2.707081524926686
86.818 2.6782610868207373
89.322 2.6800073529411765
92.12 2.6495045871559633
95.019 2.6482040072859747
97.816 2.6711933979189095
100.72 2.709112426035503
103.31800000000001 2.7062838283828383
105.916 2.6866388783630164
108.62299999999999 2.6103102177554436
111.41 2.6095074829931972
113.91300000000001 2.664127500847745
116.41499999999999 2.7092702812882186
118.91900000000001 2.584334582521361
121.72300000000001 2.4413077905491702
