0.014 3.3511705069124424
0.516 3.3458064516129036
1.015 3.309547169811321
1.914 3.306854054054054
2.919 3.817133556725706
5.114 3.62880181200453
6.905 5.291541271000731
8.309 5.1667727016356455
10.907 6.317230887437572
13.603 5.990199516741457
16.108 4.844852605182502
18.81 3.888029588534443
21.712 3.935805833890002
24.312 5.2792946635730855
27.305 5.619331698774081
29.898000000000003 2.764466848611334
32.719 2.4854154681139757
35.718 3.28339896373057
38.31 3.696589263420724
41.21 3.9920944007403976
44.108000000000004 5.636678411053541
47.105000000000004 4.415864062896272
49.608999999999995 4.3209452954048135
52.309 4.304448539089234
54.900000000000006 4.62201321003963
57.807 5.498481227554684
60.405 4.394566383856914
63.31399999999999 3.578222726241778
65.816 4.309087055261166
68.807 4.837418273260687
71.508 5.046431044776119
74.41 4.728347826086957
77.108 5.545267953179374
79.999 4.461972682926829
82.711 3.20804448305821
85.513 3.684550805585392
88.21199999999999 2.8185443200587263
90.715 3.3593539303871727
93.411 4.245451380253669
96.00899999999999 4.550479724357276
98.809 4.098136054421769
101.50999999999999 3.9150017921146953
104.202 4.130273479318735
106.90899999999999 4.4326631710362046
109.511 3.6370560547710737
112.31700000000001 3.434368048920313
115.11000000000001 4.224945963127781
117.71000000000001 4.216039850560399
120.40799999999999 3.281620600858369
