0.013 2.846199608610567
0.623 2.8678341013824884
1.116 2.812120240480962
2.216 2.814020239190432
3.414 2.8164995722840036
4.616 2.8305936395759717
6.916 2.84641257367387
9.514 2.7861727422003284
12.115 2.4657260571015542
14.926 1.7758328880252612
17.632 1.365519796585543
20.231 1.6699485779294654
23.224 2.3257009517961316
26.206000000000003 2.8021737073335586
28.714 2.806596071733561
31.616 2.805987841945289
34.315 2.7858760806916427
37.214 2.697263799010278
39.919 2.694974079126876
42.912 2.6573318950017977
45.82 2.5093316930647394
48.414 2.5891081040892194
51.218 2.6900580616346583
53.81699999999999 2.698070987654321
56.513999999999996 2.6885508982035926
59.215 2.679290203327172
62.016000000000005 2.68311277258567
64.813 2.7054308652988404
67.619 2.7059749652294856
70.614 2.623995150045468
73.32 2.534184380152901
76.114 2.268957612570976
78.815 2.6327113247221385
81.521 2.7127417218543046
84.313 2.726153437396214
86.914 2.73012870571222
89.713 2.7314735362997657
92.412 2.7344122359796064
95.21199999999999 2.768210205635948
97.91300000000001 2.767515241635688
100.713 2.76696212731668
103.315 2.140443748368572
105.91 1.8045405955713922
108.423 1.683980116706289
111.13 1.5950004158004158
114.03 1.5779297047599918
116.62799999999999 2.3786113099498927
119.51400000000001 2.640780031201248
122.11500000000001 2.6990422535211267
