0.015 2.6064659498207883
0.618 2.6258227848101265
1.222 2.5724069660861595
2.415 2.5661409395973154
3.714 2.576281690140845
5.121 2.5045246690734055
6.821 2.6265844815083392
9.613 2.682230793550427
12.314 2.6988386075949364
14.912 2.742349587396849
17.61 2.7460014609203798
20.413 2.7022916053019146
23.211 2.696620861516554
26.113 2.7528658698539177
28.907 2.7116534653465347
31.414 2.7072434017595306
34.215 2.703691808118081
37.113 2.7005566300606456
39.816 2.7123370992366413
42.414 2.694227357901312
44.916 2.687447957839262
47.614999999999995 2.689073667953668
50.22 2.659412087912088
52.903000000000006 2.7211673151750975
55.519000000000005 2.6245184357541897
58.419 2.6287558940877767
61.214 2.723843137254902
63.917 2.7595887170154687
66.718 2.6798842975206614
69.716 2.610865551839465
72.314 2.5908164627363734
75.116 2.5796027027027026
77.808 2.587900584795322
80.615 2.646208306709265
83.314 2.647032570138665
86.012 2.6487323746054017
88.919 2.6470610134436403
91.816 2.6647643865363735
94.316 2.6925804416403785
97.21600000000001 2.411370786516854
99.91900000000001 2.304676595163274
102.507 2.311172491544532
105.124 1.9971943661971832
107.72 2.5809128850612786
110.31299999999999 2.671292479108635
113.219 2.409233977307574
116.018 2.371820128479657
118.91900000000001 2.371614711033275
121.81800000000001 2.3740336967294353
