0.016 2.625285198555957
0.616 2.636949152542373
1.222 2.6080559440559443
1.72 2.5878510998307953
3.018 2.575578811369509
5.713 2.5726471296668008
8.314 2.576145092460882
11.222 2.564660217654172
14.113 2.5438717375093214
16.917 2.7894330408241133
19.614 3.1158524658101947
22.115 3.0290647957078005
24.805 2.8034078460399705
27.616 3.047273796398383
30.413 3.7453264957264953
33.213 2.7724785058766708
36.016 3.254710732054016
38.712 3.2879856316104568
41.307 3.456382879377432
44.013 3.64235423263669
46.81 3.97229406037001
49.510999999999996 4.331281592039801
52.111000000000004 3.253166392092257
54.80500000000001 1.605241975066261
57.644000000000005 1.835496600895374
60.214 3.221102222222222
63.016000000000005 3.222144407033296
65.811 2.990915187376726
68.413 2.8279011627906976
71.219 2.8376910214467466
74.015 3.225961218836565
76.708 3.6674466858789625
79.412 3.6667509062661834
82.102 3.499210815378116
85.012 3.4445858161980696
87.516 3.2990159646085786
90.316 3.23877013918178
93.111 4.116878983944404
95.917 3.679879284328519
98.61699999999999 3.643667232597623
101.41300000000001 4.036355108877722
104.21199999999999 3.2648174855221375
107.11699999999999 3.306471367354889
110.005 3.4054893535392288
112.81700000000001 3.5766042499474016
115.612 3.523240148990394
118.315 3.4695090667846085
120.91499999999999 3.909318820861678
123.912 4.204275659824047
