0.092 0.4763865050769735
2.8 0.48037051331532227
5.62 0.4785526090675791
8.61 0.4800988416988417
11.406 0.4766810061975939
14.305 0.4801863117870723
16.613 0.4782995319812792
19.307 0.4751595490263068
21.912 0.47977715877437327
24.603 0.7792997198879552
26.668 0.801922261484099
28.175 0.8845720524017467
30.967 0.8451197143813455
33.555 0.9527326209353096
36.355 0.9968042704626334
39.052 1.0370234301780692
41.752 1.0484675799086758
44.44 1.0246236263736264
46.956 0.9215472877023573
49.733 1.0059892434564361
52.321 1.206092661481231
54.840999999999994 1.2333518398967076
57.641000000000005 1.3655806736025393
60.441 1.1995540308747856
63.334 1.3042498184458968
65.938 1.344070796460177
68.832 1.4818818737270876
71.429 1.467455746367239
74.215 1.4599671832269825
76.716 1.4435073964497043
79.23 1.4371517893870835
81.732 1.5554336932165411
84.729 1.4607996698989065
87.633 1.5412415333085225
90.624 1.4476980599647264
93.43 1.4703146417445483
96.125 1.5326402102496715
98.71199999999999 1.4390646766169155
101.33000000000001 1.457111111111111
104.22999999999999 1.4416236162361624
107.03899999999999 1.3894705882352942
109.94 1.2999429296131895
112.83699999999999 1.4448828204605666
115.832 1.5885374108053005
118.826 1.3552291114644055
121.53800000000001 1.3318379386336667
124.53399999999999 1.3251924227318046
127.136 1.3328661417322836
129.831 1.3497903757415952
