0.011 4.085415730337078
0.41 4.107722772277228
0.812 4.128619926199263
1.11 4.117403973509934
1.518 4.029303688731683
3.612 4.0279472030169705
5.311 6.625827255278311
8.004 6.968952453404337
10.704 3.932030607364897
13.512 4.234653001464128
16.208 4.426725050916497
18.709 4.4402365364308345
21.609 4.407906234413964
24.209 4.0298888642904585
27.000999999999998 4.1157496151872754
29.509999999999998 3.804653999116218
32.108 4.341671486134155
34.908 4.379610845295056
37.71 4.136393015133876
40.609 4.394761079979623
43.109 4.073435846230654
45.709 4.181496637848223
48.409000000000006 4.400110918544193
51.202 4.41842745203999
54.009 4.342099776619508
56.608999999999995 4.26916299112801
59.111000000000004 4.407705611775529
62.010999999999996 4.117010438413361
64.91 4.511733685601057
67.809 4.399776365946633
70.309 4.199091902632887
72.911 4.083368821292775
75.902 4.076416744186046
78.809 4.3146433962264155
81.609 4.216098652660425
84.112 4.134904532304724
86.808 4.344624611032532
89.41 4.2356351084812625
92.00999999999999 4.171788856304985
94.71100000000001 4.110356715345942
97.511 4.1939154649428145
100.304 3.555761546286877
102.81 4.377365652398144
105.809 4.23694892601432
108.61000000000001 4.376828012358394
111.11000000000001 4.365326208404178
113.809 4.23229565686539
116.608 4.282189766517636
119.21100000000001 4.311753383458647
