0.034 1.2691169284467714
1.237 1.2804938271604938
2.334 1.2786925714285715
3.334 1.2779609455292908
4.442 1.4094554794520548
6.834 1.1133735255570119
9.265 0.836139893301719
11.766 1.0370243246546877
14.541 0.9256090082756749
17.041 1.124080808080808
19.64 1.229382448537378
22.313 1.4835914489311164
25.224 1.6319390862944163
28.130000000000003 1.6749826378312518
31.033 1.3425343137254901
33.718 1.137784624865198
36.318 1.9142554455445544
38.922 1.3798854917234664
41.636 1.263659683351991
44.529 1.1386810477657934
47.120000000000005 1.6174222222222223
49.64 1.4086355760368663
52.631 1.3655806736025393
55.43600000000001 1.244524886877828
58.233000000000004 1.4453935742971886
60.827 1.6708470847084709
63.723 2.600189312977099
66.614 2.6512108843537416
69.12 2.3335484257871064
72.016 2.281264757451783
74.519 2.279005870841487
77.221 2.0152082343626287
80.122 1.9772398771292936
82.827 1.454624517035476
85.635 1.5834197530864198
88.421 2.3927553865652724
91.31 2.0709147727272725
94.232 1.6054513577079323
97.023 1.3531868950111692
99.55000000000001 1.85697580444001
102.12100000000001 2.2297109144542775
104.719 2.40259009668913
107.227 1.6465490013934045
110.12299999999999 1.8394183191690274
112.92099999999999 1.8780788249694003
115.81200000000001 1.611261689909762
118.33099999999999 1.562256699576869
121.12100000000001 1.8550575342465754
123.826 1.7408430232558139
