0.035 1.3669248120300752
1.232 1.3768141592920353
2.233 1.3762066420664207
3.136 1.3785543237250555
4.136 1.3662863113897596
5.235 1.3764468664850136
6.04 1.3484959046909903
9.034 1.3466501587301587
11.937999999999999 1.3454277262867285
14.633 1.3290499909107434
17.232 1.4098166135383463
20.130000000000003 0.9886077586206896
22.631 1.5272779097387175
25.528 1.5221248677248678
28.028 1.5432617079889808
30.848 1.5148459152016547
33.833 1.4941242236024845
36.832 1.4829870238593552
39.731 1.4651704060819581
42.237 1.3045083848190646
45.042 1.216791538723985
48.032 1.3578265813788202
50.736000000000004 1.180519512195122
53.441 1.0475434391851408
56.251999999999995 0.9931783373577096
59.247 0.9795549822637859
61.946 0.9892644459551326
64.553 1.0367372841810545
67.335 1.3270410367170624
69.835 1.3051177189409369
72.438 1.3103539094650205
75.234 0.8975695309744917
77.867 1.1217515842839036
80.734 1.3667709570957094
83.43 1.3312435939020433
86.237 1.349693655049151
88.92699999999999 1.5193073593073594
91.733 1.5239447004608293
94.44 1.4147904261529483
97.43700000000001 1.3328102345415778
100.33600000000001 1.3321098795180724
103.03299999999999 1.4831436837029894
105.73599999999999 1.4522818517001228
108.238 1.3725164699665315
111.03399999999999 1.4847981420553513
113.83500000000001 1.2943182866556837
116.53299999999999 1.3880628930817611
119.529 1.6249004079673626
122.326 1.3533333333333333
