0.129 0.35430158343483553
2.939 0.5507256637168142
5.861 0.7504064386317907
8.466 0.7499734620024125
10.271 0.8961864290610007
11.84 1.1077982456140352
12.841 1.1038343834383437
14.039 1.6323849765258216
15.022 2.1853504163997437
17.716 2.1592155936207913
20.715 3.2254620334620334
23.614 3.1896671012603215
26.511 1.0720079252759696
29.151000000000003 0.7617484611851171
31.694000000000003 0.6040294063591252
34.642 1.2660228832951945
37.142 1.2713975636766333
39.654 0.9948996332110704
42.25 1.235361344537815
44.924 2.1127289156626508
47.82 1.4936115942028985
50.528000000000006 0.9991956066945606
53.22 1.1816002441257247
55.81999999999999 2.1230722525804495
58.724000000000004 2.0016182780718865
61.412000000000006 2.9825020576131687
63.916 2.9843354123354127
66.416 2.432067361668003
69.02 2.3843088235294116
71.604 2.3851170180262757
74.419 2.4414507337526206
77.416 3.2068979420411594
80.413 5.15319941775837
82.93 5.383781047675103
85.926 5.426894767783657
88.431 4.530265187533017
91.313 4.541173270254288
94.311 4.769499167129373
97.012 3.662510190946149
99.713 3.532707818930041
102.61500000000001 4.180403469640645
105.40299999999999 3.340322629969419
108.21700000000001 0.8872327392463284
110.95400000000001 1.2752497545008183
113.63300000000001 2.2537246153846153
116.41999999999999 2.524586118251928
119.12100000000001 2.1052655007949124
121.92500000000001 1.765886156008433
124.429 1.779002606429192
