0.01 4.040022222222222
0.409 4.027961165048543
0.815 3.9978575498575495
1.616 3.977685305591678
2.409 3.9860629539951575
3.312 3.965633663366337
5.007 3.97155701754386
6.91 3.9662907900888267
9.11 3.993140359397766
11.808 4.30290304983883
14.408999999999999 4.129227261933033
17.208 4.43321454928835
20.109 4.3882085402184705
22.709 4.348544672718585
25.509 4.363119934729399
28.308999999999997 4.258126607319485
31.101999999999997 3.9837999130056545
33.811 4.307476078431372
36.71 4.193015813075289
39.507 4.145562710235464
42.21 4.00741257367387
44.91 3.9698476972184222
47.411 3.8618096479791393
50.111999999999995 3.846765466948953
52.911 3.8280787746170675
55.80200000000001 3.9258386946386947
58.709999999999994 4.0194429530201345
61.608999999999995 4.288226148409893
64.41 4.257519820493642
67.01 4.2382178702570386
69.71 4.194924069478907
72.312 4.186846003898636
75.01 4.214616975234431
77.712 4.191085452462772
80.401 4.150696043165468
82.911 4.211044438988461
85.61000000000001 4.2192989010989015
88.311 4.055650613786591
91.113 4.080057361376673
93.91 4.117256594724221
96.71199999999999 4.152616445100936
99.31299999999999 4.188010543973161
102.113 4.128264591439689
105.00299999999999 4.11802737183948
107.911 4.076642685851319
110.61099999999999 4.041387002473577
113.11099999999999 4.06559212231148
116.00899999999999 4.155241262954929
118.71100000000001 4.160052230685527
