0.02 1.898704960835509
0.919 1.9177812018489986
1.625 1.9191355060034305
2.322 1.9189135802469137
3.021 1.9032547307132461
3.83 1.8678122996211017
6.822 1.586882803943045
9.525 1.2729026256564142
12.328 1.8499631236442518
15.119 2.672187134502924
17.912 2.25646818727491
20.876 1.972963440860215
23.719 2.212914986853637
26.406 2.1458674948240164
29.323999999999998 1.9270149516270887
32.32 1.9257783572359846
35.221 2.0907250608272507
38.019 2.2394791403286978
40.718 2.2403356960589735
43.317 2.7199263894000736
46.119 2.7582490332559937
48.812 2.7390136200716846
51.406000000000006 2.311703880597015
54.316 2.3118677685950417
56.917 3.0765773019271947
59.81100000000001 3.7281275720164606
62.31399999999999 3.328939378148341
65.11 2.918310025897151
67.613 2.547272076372315
70.416 2.5438025271818985
73.316 2.5353245350929816
76.131 1.79255894673848
78.926 1.7948025348542458
81.429 1.6587351485148516
84.23 1.9280810055865922
87.218 2.5213809682804675
89.822 1.8167277258566978
92.62299999999999 1.804975
95.322 1.747012737322759
98.025 1.8184211040547142
100.911 1.8406861431251675
103.725 2.0717635169277413
106.72 2.5568121168409665
109.614 3.344109871244635
112.50999999999999 3.2969282337773955
115.416 2.685069036226931
117.918 2.3172384937238495
120.816 1.9746165062700496
123.815 2.686932136848009
