0.011 3.8476402116402113
0.511 3.865341614906832
0.914 3.808
1.713 3.801113846153846
3.113 3.9810244633050424
5.206 5.1185814696485625
6.508 4.202649135622108
9.215 3.395991844300278
12.207 4.638576022566996
14.811 4.707978296256104
17.608 3.0543080976637977
20.422 3.2457769201080664
23.214 3.599939714867617
26.208 4.174044485209814
28.802 3.419994031123428
31.613999999999997 3.119540579710145
34.216 3.1272106752931665
36.812 3.106405962297238
39.717 3.08779366940211
42.315 3.0856116910229643
45.31399999999999 3.0838011240812797
48.214 3.637243217515469
50.911 4.075898947368421
53.909000000000006 4.077784256559767
56.712999999999994 4.163331746787244
59.509 4.320638276038994
62.507999999999996 4.381505258344764
65.01 4.381111913357401
67.709 4.356355102040816
70.209 4.356597886260694
72.813 3.6719252823631625
75.514 3.660591393268002
78.504 4.728511464796331
81.31 4.921734732311004
84.112 4.39055790725327
86.909 4.132911807228916
89.616 4.019431562418215
92.514 3.9520901771336554
95.41 3.755986798679868
98.013 3.7984424778761063
100.60900000000001 4.30963924374042
103.30099999999999 4.305633899975364
105.91399999999999 4.117250545719137
108.61600000000001 4.101852125693161
111.51400000000001 3.5932361023039525
114.31200000000001 3.5053731226838307
117.01499999999999 5.022125480153649
119.71000000000001 6.835882632831086
122.31 6.12674358974359
