0.036 1.1911613431613433
1.338 1.208388349514563
2.44 1.2056637931034484
3.44 1.2060678952473327
4.552 1.182207333635129
7.550000000000001 1.6529440288883157
10.514 2.091258660508083
13.015 2.299158807588076
15.814 2.681864779874214
18.413 3.059039330543933
21.411 3.3959132791327913
24.21 3.4312407667134175
26.909 4.912326848249028
29.698 6.575441712926249
32.505 6.437878009630818
35.104 6.4373323364485975
37.806 6.914878067195168
40.507 7.126339100346021
43.405 7.854026525198939
45.704 10.264028554431885
47.504 7.207678445229681
49.804 6.247489056332975
52.401 4.109144046242775
55.309 5.087927815805849
58.107 5.011263248352908
60.708 4.597829101829102
63.409000000000006 4.482971695906433
66.31 5.404722165125043
69.304 7.223736040609137
72.202 9.393988062940858
75.104 4.924422953684823
77.805 2.687334375977479
80.316 3.357967816091954
83.111 4.1710186958504325
85.611 4.727860691421255
88.608 5.013617071031862
91.111 4.819029808597428
93.907 4.8875493598862025
96.511 3.5431631382316313
99.407 4.359817166074149
102.104 2.3571727221911685
104.834 1.992539961235891
107.72 2.700083346588198
110.61500000000001 3.5237824533545057
113.207 6.247556045571481
116.007 6.434675259577515
118.905 6.459086043639358
121.406 6.915401524267951
124.006 7.163812617114304
