0.017 2.654029197080292
0.621 2.6998698481561823
1.119 2.663942857142857
1.62 2.6856501079913606
2.124 2.6382115384615386
3.422 2.6221211129296234
5.919 2.6133189033189033
8.822 2.428827941597481
11.42 2.3119837343273466
13.922 2.235811620795107
16.823 2.2061478873239433
19.323 2.343366538952746
22.016 2.682297450424929
24.607 2.6601321783766445
27.316 2.669800162469537
30.314999999999998 2.706251374129718
33.117 2.711638148667602
36.014 2.7189992325402916
38.716 2.7228339076498966
41.221 2.71116153362665
44.218 2.6985586241111297
46.821 2.676672098385857
49.419 2.6858165331721326
52.119 2.681633322400787
54.81999999999999 2.6745635223971873
57.418000000000006 2.7016118062239336
60.218 2.6965535378835317
63.019999999999996 2.6982099644128117
65.815 2.693798546209761
68.318 2.689110575266965
71.317 2.6812862624712204
74.019 2.6819894625922025
76.917 2.6779485627836612
79.618 2.6623696560591448
82.506 2.6624871878040866
85.218 2.7212742342342344
88.116 2.730194756554307
90.816 2.7294423845874225
93.618 2.6590280373831776
96.12200000000001 2.6622670181423476
99.119 2.6689759493670886
102.019 2.6759405910274077
104.62100000000001 2.6889630920323144
107.207 2.6989179078628336
109.72 2.6985409778403096
112.619 2.6998323024054987
115.12 2.70046322633076
117.62 2.6954458598726116
120.22 2.702086858432036
