0.028 1.5860501635768813
1.028 1.5956923076923075
1.93 1.5915448079658607
2.731 1.5941743589743589
3.625 1.5848921212121214
4.533 1.9736569140745304
7.315 2.133761413843888
10.315 2.1860077299665037
12.815 2.1673011435832272
15.515999999999998 2.6595503819570756
18.317 2.659551467987266
21.214 3.0954972585407
24.117 3.1287930607187113
26.804 3.070974814814815
29.618000000000002 3.0000219078046553
32.41 2.9985221274868046
34.915 3.0957431130640525
37.911 3.1715295476419634
40.71 3.197014216303761
43.312 3.08655313059034
46.011 3.1747439688715953
48.712999999999994 3.075737855502561
51.414 2.998489623755694
54.413 3.1453356414695137
57.406000000000006 3.1267774798927612
60.116 3.103344020637553
62.616 3.172299079189687
65.414 3.2401581196581195
68.314 3.2372645590682194
71.312 3.166932251521298
73.812 3.115217119928667
76.611 3.1153096695226434
79.609 3.0851834422657953
82.51 2.9933617636429344
85.503 2.991416909620991
88.313 3.054828478964401
91.31 3.164240911557244
94.216 3.1522451376146785
96.716 3.07031654676259
99.31200000000001 2.9169147128780155
101.81299999999999 2.918326643598616
104.71600000000001 3.0320208188757807
107.518 3.0520359582883856
110.21700000000001 3.0320778821520067
113.11600000000001 2.990255057167986
116.106 2.9843985386914644
118.71600000000001 3.0882156133829
121.41499999999999 3.1245777572681126
124.113 3.129196603527107
