0.019 2.1837957957957954
0.724 2.202902654867257
1.428 2.0666391752577318
2.826 1.7742691415313225
4.63 1.9321521686455052
7.32 2.056631578947368
10.023 2.1325051516043567
12.523 2.1956252587991716
15.023 2.2158700876908086
17.719 2.217501971489233
20.616 2.2139434628975265
23.119 2.2153407787503774
25.707 2.2142087109032444
28.218000000000004 2.2247469814864504
31.019 2.2326929347826083
33.52 2.227861236802413
36.418 2.2280587726879864
39.026 2.2198345864661655
41.819 2.217077441077441
44.418 2.223906108937707
47.32 2.2276177389131795
50.306 2.218887340301974
52.818 2.1553598664069025
55.525999999999996 2.108350919505577
58.42100000000001 2.107924882629108
61.418000000000006 2.160846750149076
64.319 2.201633946830266
66.825 2.2267165932452277
69.617 2.2184675028506273
72.219 2.1903726150392817
75.011 2.139446417636252
77.821 2.1168904907125032
80.518 2.2105825788323448
83.317 2.2241224489795917
86.119 2.208352972827549
88.92 2.2151762980346144
91.423 2.167407281964437
94.122 2.173824623560673
97.118 2.220468262226847
99.91900000000001 2.1735612102797823
102.41900000000001 2.239191392239974
105.017 2.1579052631578945
107.922 2.129141141141141
110.82300000000001 2.1376614540466394
113.52199999999999 2.2039505889112325
116.119 2.238322507122507
118.71799999999999 2.2369033995287784
121.32 2.1542984409799555
124.21000000000001 2.197614678899083
