0.027 1.4646606243705942
1.127 1.4746919431279621
2.028 1.4702444152431011
2.93 1.0546700593723495
4.257 0.8161897627965043
5.962 0.8267692307692307
7.373 0.8241666666666666
8.979 0.9321938248544116
11.745999999999999 1.0548336425479283
14.347000000000001 1.1903458156952134
17.126 1.6217756686798963
19.820999999999998 1.6000488336603444
22.551000000000002 1.0376449315068494
25.430999999999997 1.7627549019607842
28.320999999999998 1.7812527821939586
31.031999999999996 1.7543185628742515
33.825 1.8587559562137799
36.417 2.0598
38.924 1.5557519196692262
41.628 1.5495994967498428
44.525999999999996 1.7204129281234926
47.224000000000004 1.528981192476991
49.82599999999999 1.5322928373565492
52.423 2.121140430694571
55.32599999999999 1.5281446500744524
58.315 1.2393091655266757
61.239000000000004 2.0649225605370414
64.017 2.1357661971830986
66.924 2.2689166180758016
69.922 2.3584555891238668
72.821 2.3582288221397234
75.422 2.107541816174441
78.114 2.321474098360656
80.714 2.3187659574468085
83.609 2.5976101265822784
86.313 2.70083547925608
89.21799999999999 2.1136991663646247
92.02699999999999 2.022816810344828
94.82400000000001 1.7944507529005185
97.422 1.8871016476552598
99.922 1.8867032967032966
102.62299999999999 1.818997338065661
105.227 1.4552627257799673
107.912 1.7940999309233248
110.826 2.064572658772874
113.625 1.818637037037037
116.52199999999999 1.8522408026755852
119.221 2.1898318240620958
121.918 2.3634928465712877
