0.055 0.809353366722315
1.964 0.8150884086444008
3.656 0.8072554112554112
5.162 0.8143130320890636
6.854 0.8387017318794099
8.546 0.9914739941118744
9.648 1.0185714285714285
10.967 0.8540405372405372
13.663 0.8253888216791677
16.563 0.3895262380888472
19.29 0.349790382244143
21.83 0.46231828275351594
24.793 0.4269482071713147
27.473 0.7758403451995685
30.03 0.4698504966021955
32.869 0.775405746320953
35.457 0.8410783882783883
38.011 0.2941000732243105
40.868 0.32953225404732256
43.469 0.7137732742241925
46.156 0.36987390836224426
48.778999999999996 0.27481410535481066
51.587 0.4789685902118334
54.471000000000004 0.3193828306264501
57.221999999999994 0.5783408866995073
59.864000000000004 0.46276660572821454
62.58 0.7307976829006652
65.368 0.6909401709401709
68.358 0.3247463002114165
70.932 0.9227801857585138
73.856 0.5871179487179488
76.804 0.5174625949264824
79.681 0.4362536125036862
82.576 0.4436722192369694
85.198 0.7194704112337011
87.862 0.786301167793485
90.656 0.9528325791855203
93.351 0.9521132323897301
96.148 0.31912863770560945
98.99100000000001 0.4087679832592205
101.743 0.827793006993007
104.293 0.5989158186864015
107.082 0.6952004787552364
109.87700000000001 0.7628644161593802
112.751 0.8893552521593758
115.459 0.9404274626865672
118.44800000000001 0.4868033987694111
121.243 1.0078382978723404
123.92599999999999 0.37658700209643603
