0.027 1.6341662921348317
1.028 1.6463492063492062
1.829 1.6453764705882354
2.627 1.6469615894039735
3.434 1.607659677419355
6.026 1.606936810431294
8.632 1.4924021425628349
11.539000000000001 0.9005303046385734
14.538 1.3623502824858755
17.53 1.4508996088657107
20.432 1.5354803788903924
23.417 1.527119804400978
26.339 1.2627701643489253
28.939999999999998 1.158372729812797
31.726999999999997 0.9959163636363636
34.447 1.0254595945570675
37.247 1.1113959341723136
39.845 1.1003908675799088
42.539 1.10256
45.361 1.09384171539961
48.041 1.0925003533568904
50.95099999999999 1.08750231634679
53.54900000000001 0.7820852353059988
56.541 1.1523150436645246
59.235 1.5284697872340425
62.03 1.5008241872023194
64.926 1.7613071574642127
67.611 1.7343700234192039
70.522 1.7783502170767003
73.323 1.8143057757644394
76.127 1.5737199341021417
79.055 1.043524275008146
81.73 1.5751937708565071
84.329 1.0810013051422604
87.146 1.1948250363901018
90.13399999999999 1.287559420289855
92.637 1.3199855138071526
95.632 1.44398
98.43299999999999 1.2475746084089034
100.936 1.2591059811122771
103.43700000000001 1.3353275362318842
106.12799999999999 1.5839546858908342
108.63 1.3819610027855154
111.33600000000001 1.2687704221833624
113.934 1.510821583300512
116.632 1.2127990120407532
119.238 1.545903698534543
122.126 1.481934777850733
124.84200000000001 0.9257584541062802
