0.124 0.39054994629430717
3.0330000000000004 0.5194657762938231
5.554 1.2201264994547436
7.533 1.4981397590361445
8.425 1.5621696535244924
9.333 1.5985949367088608
10.038 1.4305134281200633
12.745 2.138617595160071
15.312000000000001 3.3039535108958837
17.916 2.9804745209947003
20.914 2.9312093567251463
23.513 2.8838601178781924
26.116 3.3891758389261746
28.907 6.169369047619048
31.807000000000002 5.984032823573293
34.605 5.2789282648681795
37.41 4.438456990550036
40.111 4.678051107325383
42.708 4.336296802538443
45.42 2.3423611186532716
47.92 3.0958421551887687
50.811 4.2292329366043235
53.702 4.309419980601358
56.412000000000006 4.047673267326733
59.009 5.286890299184043
61.907 5.482372395833333
64.506 3.8889415584415583
67.016 4.052500385306961
70.009 4.209246241064826
72.615 3.326887009992314
75.412 2.3447356449375865
77.916 1.5664888321633696
80.531 1.4318495449949444
83.041 1.8733386273397619
85.916 3.0588217349857003
88.513 3.062146750524109
91.018 3.031027027027027
94.012 2.8539323451159255
96.71199999999999 2.166066746126341
99.61500000000001 3.4433931544865866
102.505 4.054073199527745
105.305 6.918673000791766
107.906 4.68934364640884
110.613 4.026494896801996
113.60900000000001 3.7551579412414404
116.21199999999999 3.658059841237533
118.71600000000001 4.250642102411271
121.511 3.2194390289449113
124.41499999999999 2.965166494312306
