0.014 2.703360594795539
0.647 4.02095643939394
3.41 3.2798436810589346
6.208 4.526329735764794
9.018 3.2300507111935683
11.708 4.622029259084473
14.409 4.25727251820621
17.108 4.102050062578223
19.904 6.436475471698113
22.002 5.825580876494024
23.308 4.349218609304652
26.099 4.573033170201196
28.908 4.845313596491228
31.61 5.169840386253905
34.209 5.367411174305788
36.81 5.621894874306236
39.408 5.357564200058497
41.908 5.195867549668874
44.706 5.267064334420398
47.207 5.181330930930931
49.799 5.525968167964782
52.305 5.310079902409271
55.206999999999994 3.0747487889273355
58.116 3.6697935368043084
61.105000000000004 4.8048118648722875
63.809 5.07284578313253
66.71 5.144886979865771
69.508 5.757804379562044
72.308 2.712343074968234
74.904 3.1432679738562093
77.511 4.709065181058496
80.207 4.688353615279673
82.911 4.479578839764887
85.906 4.792792245218759
88.809 5.554240673886883
91.708 6.062772711205373
94.607 5.3869687828832
97.507 5.590542141230069
100.398 4.564427807486631
103.208 4.684572987721692
105.912 4.787944365597502
108.50800000000001 5.404009894867038
111.30699999999999 4.595404439631835
114.112 4.245054041128647
116.91 4.6676551345414605
119.61000000000001 5.1837461782520915
122.207 4.383660240290584
125.09800000000001 3.6233913408995377
127.90700000000001 4.118227648114901
