0.008 5.288756363636364
0.306 5.341802575107296
0.607 5.21653531598513
1.21 5.228786324786325
1.91 5.242815286624204
2.608 4.4443490701001425
5.206 5.21301117487164
8.107 5.104869322931179
10.806 4.930660269865068
13.707 4.5039211004412145
16.613 3.8847578194816803
19.212 4.1174090575275395
21.908 4.572091050181066
24.5 3.8590222599109603
27.310000000000002 3.777535201318578
30.110999999999997 3.952229515721827
33.009 4.399018251681076
35.711 4.558964028776978
38.408 4.649517927244177
41.309 4.226808427241548
44.007 4.747798661623508
46.509 4.515495850622407
49.101 4.317795918367347
51.81100000000001 4.354886817576564
54.607 4.4628367346938775
57.111000000000004 4.462598834128245
60.009 4.461057728119181
62.908 4.64011294117647
65.907 4.6203766233766235
68.708 4.583828435266084
71.608 4.583932754880694
74.604 4.188887372013651
77.31 4.228852110977081
80.009 4.428488985717744
82.711 4.231559935823975
85.61 4.056666035950804
88.41 3.6497737642585553
91.213 3.584338827456708
94.11600000000001 3.272179413456009
96.91300000000001 3.3125525757283425
99.904 3.3715626624025585
102.51599999999999 3.835945566286216
105.11099999999999 4.172916420845624
107.809 4.252171497005988
110.612 4.130126336248785
113.309 4.114479853479854
116.21100000000001 3.93704391468005
118.811 3.928023695602643
121.315 4.240023659889094
