0.011 4.516795031055901
0.408 4.542481751824817
0.809 4.44159898798229
2.505 4.436249554367201
4.309 4.447290574456218
6.208 4.4472338653712695
7.707 4.444245398773006
9.408 3.6416966805804014
12.009 2.783773827662096
14.515 3.8753032603841002
17.106 4.96237899543379
19.707 5.028285799701046
22.607 4.173719952774498
25.406999999999996 4.483499507389162
28.008000000000003 4.623398270893372
30.796999999999997 4.625265645984421
33.611 4.777650495565989
36.508 5.075815157116451
39.308 4.036766189502385
41.811 3.989325317919075
44.711 4.329579198726453
47.61 4.558050261780105
50.509 4.7215855472901165
53.31 4.881373134328358
55.899 4.028164862997928
58.81 4.255140980293078
61.80800000000001 4.64036416464891
64.507 4.958008799497172
67.308 4.729136527277762
70.008 5.087605054363797
72.508 4.336978963571062
75.013 3.2408178046020373
77.916 2.839098153547133
80.905 2.8522120361708763
83.418 3.8672593213238375
86.31 3.6648683760683762
89.113 3.103303293594666
91.61500000000001 2.3701691919191923
94.418 2.3411658615136877
97.118 2.342547514159849
99.92099999999999 4.210668301655426
102.61000000000001 4.653825198637912
105.40899999999999 4.649206557377049
108.00800000000001 3.062805031446541
110.61600000000001 2.9093485020857033
113.50200000000001 3.3922763385146806
116.40799999999999 4.812338884866039
119.40700000000001 4.72719934192487
122.11000000000001 4.481932004689332
