0.034 1.403868725868726
1.13 1.4143636363636363
2.131 1.409138539042821
3.028 1.4130181818181817
4.029 1.4044425349087002
5.038 1.3949162561576354
6.943 1.5127324133288456
9.526 1.683646755308593
12.129 1.8494616427216046
14.934000000000001 1.65409592760181
17.916 1.5294043938161108
20.417 1.976683005655804
23.226 2.4892566546171544
25.814 1.705044622660909
28.719 1.8422219730941705
31.607 1.7659875657580106
34.43 1.933881470367592
37.026 1.839489096573209
39.922 2.102624800425758
42.721 2.4519044459190447
45.316 1.7096912751677853
48.132999999999996 1.6061050861706598
51.016000000000005 1.7031466901253574
53.631 1.8423076923076924
56.214 1.6780677411819667
59.120000000000005 1.8849102730819245
62.028000000000006 1.9433194945848375
65.027 1.8225889423076924
67.923 1.7014394403148227
70.616 1.906346275946276
73.332 2.0365584377732437
76.33 1.811965828191742
79.119 1.5993892026202845
81.805 1.6618443017656501
84.438 1.9474372479240805
87.231 1.9573706583722135
90.215 1.6666750500142897
92.83000000000001 2.2169164452317687
95.82499999999999 1.813250187079072
98.42099999999999 1.4150572134575174
101.237 2.062961850405527
104.12700000000001 1.692125464300454
106.708 1.8952258754343758
109.53299999999999 2.428100966033032
112.316 1.7887507577523898
115.22200000000001 1.9804668515250818
117.827 2.1273495518565944
120.518 1.6362880618656357
123.22999999999999 2.473309241094476
