0.024 1.9366284953395472
0.824 1.963154574132492
1.524 1.9594676007005254
2.225 1.9520502354788067
2.931 1.9220595446584938
4.732 1.9141170848267623
7.621 1.9819753761969905
10.319 3.0031490265486727
13.212 3.463281218274112
16.208 4.0549661674986135
18.614 3.422195630781342
21.317 3.242023130300694
24.115 3.449590944574551
26.814 3.94175140753573
29.512 3.9360137389597645
32.21 4.002757787075779
35.116 3.525988835418672
37.913 3.7437164280845265
40.604 3.4014566341183228
43.415 3.6270405717889425
46.214 3.847720820561188
49.013999999999996 3.887003051881994
51.513999999999996 3.8857039638735573
54.114000000000004 3.9003904071388735
57.012 1.6258661710037174
59.81399999999999 3.875657754010695
62.709 3.5871686797167843
65.216 3.280462952947539
68.115 4.057551616266944
71.109 4.0281805490926015
74.013 3.0438501980554555
76.618 2.90593877896161
79.12 3.7074010152284265
81.914 3.51336431726522
84.717 3.9632844341188185
87.313 3.83911337061515
90.31299999999999 4.183426111908178
93.00200000000001 3.9339903824135565
95.91300000000001 4.028069844266163
98.713 4.187551219512195
101.41300000000001 3.954038443506798
104.21199999999999 3.8166778772657786
106.91300000000001 3.784932887402453
109.51499999999999 3.8359585133967156
112.21600000000001 3.5932361023039525
115.01599999999999 3.6016128256513027
117.80600000000001 3.6418570102135566
120.71799999999999 3.791531999120299
123.31299999999999 3.79525612177366
