0.05 0.9407554980595084
1.751 0.9472146118721461
3.143 0.9465786802030457
4.454 0.9477560975609756
5.844 0.9393218390804597
7.353 0.948649765258216
8.548 0.9448073959938367
9.962 0.9254822733718774
12.757000000000001 0.6418310442144873
15.575 0.866023346303502
18.46 0.8629049429657795
21.031999999999996 0.9084974545454545
23.554000000000002 0.8339610894941634
26.259999999999998 0.8022353597322923
29.173000000000002 0.8018055307760927
32.155 0.7105777346592287
34.862 0.6921679047704287
37.654 0.9086938159879336
40.547 0.9068348183687457
43.156 0.5699113133338475
45.92700000000001 0.795313997477932
48.666 0.769345521023766
51.473 0.733864577504197
54.358999999999995 0.6629067245119307
57.206 0.4477797822706065
59.822 0.6185354093420392
62.452 0.8798113663845223
65.259 0.8568175858079445
67.968 0.7362732174955063
70.936 0.7373110698824985
73.67 0.8159075198505371
76.347 0.5877626048803017
79.022 0.4512144257154057
81.706 0.45150276243093923
84.314 0.6669567642956764
87.06899999999999 0.6998424507658644
89.571 0.7037967914438502
92.17099999999999 0.5454497454271167
95.10400000000001 0.6140426049908704
97.684 0.7268465116279069
100.68 0.6149319480519481
103.28299999999999 0.6110693723454459
106.07900000000001 0.6172582359192348
108.57900000000001 0.5018187113214416
111.51599999999999 0.43391734638390433
114.16900000000001 0.3078698328935796
116.69 0.30952616769836805
119.482 0.3304387861876526
122.17500000000001 0.3944488361879666
