0.01 4.559272727272727
0.414 4.500592383638929
1.212 4.500894581280788
2.309 4.500408014571949
3.512 3.5019727711901623
5.915 2.5091871574001567
8.509 3.4138171536286523
10.714 3.392201519392243
13.32 3.4080315025906733
16.212 4.034784468728203
19.107 5.1688989298454215
22.009 5.284202324850769
24.805 5.895831887925284
27.404000000000003 5.894756476683938
30.109 5.398113055181696
33.107 5.097650680876258
35.8 5.110912946428572
38.506 5.354597335066623
41.206 5.354372513562387
44.106 5.343397956023536
46.906 5.325778067885118
49.505 5.326323646375038
52.307 5.324160575194727
55.206999999999994 5.326579804560261
57.806 5.275729794933655
60.400999999999996 4.910159766763848
62.91 4.912766982824916
65.908 5.05329404228059
68.606 5.0975856716417915
71.508 5.096591109802767
74.008 5.044925096985974
76.907 5.044866705813271
79.408 5.0925601394538065
81.908 5.146016315049226
84.7 5.149873361227336
87.408 5.2355262515262515
90.307 5.231010899182561
92.807 5.185552671294898
95.706 5.050579881656805
98.207 5.054153664998529
100.707 5.062403361344538
103.608 5.0744970963995355
106.108 5.065778573560131
108.69999999999999 5.01350353007625
111.30699999999999 5.014631268436578
113.80799999999999 5.069689139633287
116.40700000000001 5.1021528455284555
119.00800000000001 5.105151317737637
121.50800000000001 5.1873649932157395
