0.016 2.5605774647887323
0.722 2.587609147609147
1.317 2.57208275862069
1.822 2.534250207125104
3.118 2.5389048543689317
3.718 2.5220243998425818
6.314 2.54179649122807
9.218 2.583403166869671
12.117 2.6464949573312646
14.814 2.6451172214182344
17.618 2.4904113945014905
20.216 2.741660067239447
23.016 2.776689149560117
26.0 1.8658037803780378
28.575 1.402399829315127
31.317 2.689497450837582
34.119 2.6732084341514
37.118 2.626283172720534
39.916 2.5797140058765917
42.519 2.5993809356313755
45.422 2.712915045719036
48.015 2.73898883120969
50.914 2.771685589519651
53.415000000000006 2.425841863225041
56.221000000000004 2.506349570200573
58.81699999999999 2.770040789473684
61.518 2.6982431077694238
64.319 2.693417406749556
67.119 2.588089125374127
69.719 2.394628220858896
72.512 2.394596298834818
75.018 2.3138254545454546
77.923 2.2371235387045814
80.715 2.2367356197677557
83.704 2.3213936651583706
86.321 2.322120541205412
89.117 2.3206112216474333
91.722 2.731428155692979
94.51499999999999 2.7905259117082535
97.21600000000001 2.651216524216524
100.12200000000001 2.270280991735537
102.71799999999999 2.1041929689504744
105.221 2.1038694362017805
107.90700000000001 1.8811627233220665
110.62200000000001 2.0491324786324787
113.41999999999999 2.294542056074766
115.92099999999999 1.7836392914653785
118.726 2.1312433112999685
121.523 2.260398896334253
