0.009 4.545025
0.41 4.575882352941177
0.71 4.56675918367347
1.011 4.485102639296188
1.81 4.467222408963585
3.711 4.465828571428571
5.211 4.525506030414263
8.105 5.330630200756474
10.607 5.86439087018545
13.504 1.4592674066599396
16.023 3.4488770642201834
18.805 3.20779020979021
21.408 2.442698484359884
24.11 1.9822213722208941
26.939999999999998 3.7538823529411767
29.805 5.702980694980695
32.706 2.4959138847254394
35.605 8.192986573843859
38.202 8.175705476300045
40.907 8.181048838311996
43.604 7.971755740107475
46.204 4.727600325821341
49.009 5.33855452087714
51.91 4.529806094182825
54.801 6.723412759415834
57.506 4.377917338185599
60.419 3.446269376011509
63.007000000000005 6.077189522342064
65.707 5.818368654173765
68.208 5.916992481203008
71.204 4.969295708406819
73.732 2.4112848722986246
76.406 8.022238901601831
79.399 8.013179150240912
82.305 8.009672885032538
85.205 8.011015413358244
87.905 7.9949234773555435
90.405 1.9390221218961625
93.31 3.2528506097560976
96.127 2.8686649958228903
98.70400000000001 3.2746899631139588
101.42599999999999 3.504425105273712
104.19999999999999 2.069416554918932
107.03 8.486049713193117
109.70599999999999 3.0591326255173654
112.30600000000001 8.386396640223985
115.006 3.7896425120772945
117.72900000000001 2.335739872645983
120.708 3.000069055715407
