0.008 4.488913580246914
0.415 4.509565217391304
0.81 4.430389905362776
2.509 4.425730883224659
4.31 4.415335640138408
6.911 3.9363912823112015
9.411 3.8228748615725356
12.02 3.303529751172016
14.611 4.15003892944039
17.308 4.116612612612613
20.109 3.9696684266103484
22.8 3.8669251844046366
25.31 3.83534582278481
27.810000000000002 3.7265761797752806
30.610999999999997 3.670371082132235
33.112 3.4626712246129094
35.707 4.677607763023493
38.208 4.687367283072546
40.807 4.519411854489952
43.31 4.78210421286031
46.006 4.767217061057552
48.509 4.484097862477467
51.20099999999999 4.569824633581898
53.709999999999994 4.773088149445417
56.706999999999994 4.823358147229115
59.41 4.6743957812933665
62.108000000000004 4.653886352598349
64.809 4.667569230769231
67.309 4.465719665271966
70.212 4.002108183079057
73.111 3.4813723228995057
75.703 4.066938698224852
78.509 4.529351937984496
81.41 4.654984223918576
84.408 4.812903023983315
87.31 5.052012960235641
90.309 4.743127856701668
93.109 4.669675455286763
95.90799999999999 4.5828080536912745
98.71100000000001 4.490965210567617
101.30000000000001 4.842930806775768
103.90899999999999 4.701793919827818
106.709 4.620420250408274
109.50899999999999 4.690308058124175
112.40700000000001 4.694725214029274
115.11099999999999 4.580032619775739
118.107 4.7920342089187535
120.90899999999999 4.630699973139941
123.71000000000001 4.558531001589825
