0.014 3.239216035634744
0.512 3.224455958549223
1.014 3.243060869565217
1.419 3.1862916666666665
2.413 3.1934898157129
3.518 3.414205647309536
5.512 3.991250688705234
7.417 3.4438676691729326
10.311 3.480895850973751
13.114 3.4100231872666535
15.815000000000001 3.6075053941908712
18.711 3.6998715354157503
21.310000000000002 3.880505817782656
23.911 2.938813044882144
26.723999999999997 1.1479922719141322
29.345999999999997 1.1110018960940462
32.045 1.1715020408163266
34.64 1.0825947888589398
37.349 0.8756267372600927
39.96 0.8716073314694004
42.747 1.1069731471535984
45.632000000000005 1.4404106258442144
48.42700000000001 0.9377825139258901
51.370000000000005 0.8567193433786598
54.306 1.8936
57.034000000000006 1.1830009606147935
59.676 0.7214714923153198
62.361000000000004 0.6904064636420137
65.193 0.5313815527538155
67.9 0.6145525773195876
70.468 0.6562271582321959
72.981 0.6687388535031847
75.973 0.6723411214953271
78.937 0.6715726759116589
81.474 0.8347008338417735
84.113 0.7051141684769491
86.876 0.5931342554922701
89.87 0.7584770642201835
92.75899999999999 0.7459806076276665
95.46700000000001 0.7485514660012476
98.166 0.43392375366568914
101.119 0.47323692307692306
103.78200000000001 0.6434811932555122
106.61699999999999 0.4630487067517635
109.30199999999999 0.46508875739644967
111.805 0.5055317804974339
114.49199999999999 0.5561456016177957
117.101 0.552401166180758
119.99100000000001 0.49917893710385175
