0.013 2.7969384615384616
0.623 2.765095320623917
1.818 2.8111959798994977
2.315 2.7656781193490056
3.511 2.7598390611902763
4.816 2.760291777188329
6.417 2.458603938730853
8.323 2.3249920526171555
11.016 2.795028267103646
14.011 2.66731265961328
16.816 2.5881418244406196
19.321 4.093376464026771
22.209 3.7688068230277185
25.014 3.560142382163114
27.707 5.242873202614379
30.311 5.4562306717363755
33.005 6.031449456700692
35.608 6.226793650793651
38.308 6.827750960799385
41.01 4.696198149156233
44.006 3.336369658556533
46.509 4.65430419673884
49.313 3.280791582056489
51.822 2.864354527938343
54.614999999999995 3.632541528239203
57.513000000000005 4.192643266118995
60.11 4.559767784915536
62.909000000000006 5.232631509121061
65.508 6.114182599355531
68.097 5.959765920826162
70.61 5.250168944099379
73.41 5.086683244523387
76.408 5.501755178907722
79.208 5.98432711808963
81.809 5.48493642305407
84.709 3.897201545103386
87.215 3.7940335968379446
89.813 4.466910036401456
92.4 5.497893719806763
95.111 4.806539753639417
97.81700000000001 3.10872244747512
100.815 3.108603344005692
103.51599999999999 2.6120055393137402
106.11600000000001 2.5573056755978105
108.62299999999999 2.3679621117147236
111.428 4.282117703121277
114.213 4.797896024464832
116.809 5.529216164207825
119.507 5.5730145772594755
