0.011 3.3666851851851853
0.515 3.3821739130434785
0.918 3.309221489161169
3.111 3.3080230394328756
5.413 3.3073380340107836
7.912 3.310157024793388
9.909 3.196875551632833
12.21 3.0850530909090907
15.009 3.1026211914506594
17.313 3.1084625850340135
19.713 3.144521957340025
22.401 3.1513198797767283
24.813 3.1031577222449815
27.31 3.0755311572700297
30.113 3.0745864315829823
32.916 3.068947424701479
35.612 3.008295615043521
38.312 3.0917800713079377
41.215 3.089168492436098
44.012 3.150809349890431
46.614999999999995 3.069635816403311
49.509 3.092124311845143
52.214 3.1391195784353467
55.209999999999994 3.0686265906099166
58.11 3.108527909995673
61.016000000000005 3.0866609880749576
63.913 3.067233618233618
66.814 3.0480281407035177
69.416 3.0531125931737937
72.011 3.060167777342219
74.805 3.0822373180414644
77.614 3.0401302193913655
80.313 3.0795137034434292
83.112 3.0128603425559946
85.814 3.039561409285479
88.513 2.6824497966843914
91.01599999999999 2.961755205688166
94.01499999999999 3.01796463022508
96.612 3.1279345955249567
99.203 3.101923333333333
101.71600000000001 3.0921206663665015
104.50999999999999 3.052881608339538
107.315 3.0772743055555556
110.214 3.065058011049724
113.112 3.051444982947406
115.811 3.057510717931269
118.81 3.0387604106139845
121.513 3.0155843974112293
124.31200000000001 3.0519595529536985
