0.012 3.4141032863849765
0.517 3.438232044198895
0.917 3.369142857142857
1.811 3.365060506050605
2.816 2.9208761904761906
5.614 4.306763440860215
7.213 3.7440954446854664
9.914 3.670147435897436
12.518 3.258124034079651
15.111999999999998 3.7048693424423567
17.912 3.448666402221341
20.518 4.252747408343868
23.509999999999998 3.948995531724754
26.113999999999997 4.204899052899052
28.700000000000003 4.258877621449429
31.511000000000003 4.638971982758621
34.309 4.668071355759429
36.814 4.649447390932421
39.711 4.639849677040516
42.51 4.618774999999999
45.209 4.556879084054733
47.911 3.5411332113077076
50.415000000000006 4.165974683544304
53.001000000000005 4.612863187588152
55.611999999999995 4.330277227722772
58.212999999999994 4.554312601406165
61.010000000000005 4.621341692789969
63.714 4.629220657276996
66.71 4.5955091496232505
69.514 4.180903163487081
72.211 4.639282107574094
74.913 4.6440043243243245
77.901 4.445496322597008
80.412 4.295395163183846
83.213 4.326762596672135
86.112 4.441114448472295
89.009 4.598277844311378
91.912 4.1496946859903385
94.61000000000001 4.5828080536912745
97.412 4.431843056272586
100.40899999999999 4.24350389937107
103.201 4.6430839532412325
106.012 4.343762538382804
108.513 4.335242002442002
111.21199999999999 4.2960828910791005
114.209 3.9326144420131293
116.91399999999999 3.8173041362530413
119.61000000000001 4.476784211893015
122.513 4.58220695165801
