0.028 1.4765563451776649
1.136 1.4888038277511961
2.037 1.4604884910485934
4.737 1.4677735124760076
7.428 1.2112690166975881
10.363 1.2061779194436395
12.932 1.492140770252324
15.54 1.3810672309946281
18.236 1.3774811225519885
20.83 1.4075460717749757
23.529000000000003 1.4051516658378918
26.314999999999998 1.4259005719313682
29.228 1.3178162839248435
32.055 1.0478493618096802
34.563 1.3994140941026187
37.33 1.5239818535320804
40.033 1.5770219780219779
42.831 1.5567545219638244
45.73 1.533444234404537
48.432 1.5303458272934356
51.33 1.540235802202548
54.028000000000006 1.4083759675635827
56.534000000000006 1.2207137452711223
59.43899999999999 1.314548872180451
62.331999999999994 1.2963638000900497
65.132 1.4031907066795741
67.929 1.5199678714859437
70.731 1.5465043478260871
73.432 1.4192148870181656
76.334 1.241009915356711
79.034 1.2882433628318584
81.539 1.3478594880847308
84.333 1.2648260092890318
87.037 1.3380665589660743
89.832 1.3998035470668486
92.33500000000001 1.4194791059280856
95.029 1.434441416893733
97.832 1.4336531791907514
100.815 1.3726057401812688
103.738 1.210003871467286
106.439 1.1931681136543015
109.34 1.2180689245395129
112.138 1.0034022077554487
114.85 0.9797412935323383
117.53200000000001 0.9803374908290535
120.04499999999999 0.9857675134719015
122.957 0.8059720024345709
125.54400000000001 0.7189382034402209
128.535 1.4768187422934647
