0.014 3.0111966873706004
0.622 3.028321167883212
1.113 3.0321300813008127
1.515 2.972633624878523
2.612 2.9715595667870036
3.816 2.9572976465159204
6.01 2.964042553191489
8.513 4.003726285983955
10.711 3.927335084786243
13.51 3.6805107104984094
16.314 3.340026123703419
19.113 3.868356945722171
22.013 3.8703096124370484
24.612000000000002 3.8995304198800342
27.308 3.9015544747081714
30.011000000000003 3.629054583772392
33.004 3.826511802799248
35.912 3.921012851023322
38.713 3.753604056623706
41.512 3.6500596572879203
44.31100000000001 2.9599463087248323
46.916 2.4856177016416847
49.522999999999996 2.810964791288566
52.313 3.591884951206985
55.312 3.5335996064928676
57.911 2.017672605790646
60.650999999999996 1.7523483214649034
63.611000000000004 1.2686835390085756
66.547 3.0013050520632474
69.214 3.262218136230673
71.906 3.2697388862891903
74.61 2.9873333333333334
77.209 3.846005431830527
80.115 3.476674448767834
82.714 3.789680517082179
85.411 3.681387422193604
88.111 3.619667216592034
90.915 3.220797900262467
93.81200000000001 2.8797165991902833
96.314 3.9387382427162194
99.21100000000001 3.9100435790449697
102.11099999999999 3.8520096980383514
104.71100000000001 3.843202173420874
107.40299999999999 3.8736233907920576
110.113 3.875877792977656
112.613 3.8799758203799657
115.31299999999999 3.806191169335274
118.013 3.875049674084064
120.513 3.8643072776280323
