0.012 4.265126099706745
0.41 4.2624657534246575
0.811 4.201341317365269
1.509 4.17352027027027
2.81 4.204965517241379
3.709 4.177616688396349
5.308 3.885700135074291
7.808999999999999 4.098741834451902
10.411 3.5249200428724543
13.210999999999999 3.9611065966674275
16.209 2.6983513345747983
18.71 3.9142694903420994
21.609 4.1629072067828545
24.408 4.574769540085448
27.198 4.409893347993403
29.909999999999997 4.482005205622072
32.806 4.032917657419639
35.408 3.8432694191742476
38.309 3.886634872019252
41.007000000000005 4.0693
43.809 4.27961814843955
46.708 4.6406588486140725
49.506 4.668255319148936
52.099000000000004 4.678855507868383
54.709999999999994 4.444695121951219
57.705 4.526161784466542
60.509 4.555432374613739
63.307 4.437801406469761
65.907 4.139857454545455
68.608 4.261166625646074
71.206 4.521407863064991
74.01 4.458436948624805
76.6 4.229872586872587
79.309 4.228869163199261
82.211 4.211290145985401
85.209 4.157959757575758
87.90899999999999 4.009986422976501
90.811 4.090413333333333
93.607 4.131403678606002
96.31 4.213241717791411
99.00800000000001 4.4742514588859414
101.601 4.368049987503125
104.21000000000001 4.271621540010066
106.809 4.552004102564102
109.80699999999999 4.539279038718291
112.612 4.332702025072324
115.31 4.171528848710449
118.11000000000001 3.8542579923988374
120.71199999999999 4.140528519855596
