0.008 4.930196610169491
0.409 4.99855421686747
0.707 4.950690265486726
1.009 4.886325878594249
1.71 4.8681269841269845
3.41 4.904641616671929
6.107 4.782565807702965
8.808 4.489432982112227
11.506 4.403790037493305
14.309999999999999 4.772719471947195
17.009 4.775659434221367
19.709 4.6955935231714125
22.409 4.773347015933028
25.401000000000003 4.703619638242895
28.307000000000002 4.7790265117664585
31.209000000000003 4.872627051499717
33.809 4.729540924348051
36.309 4.663485989244268
38.908 4.94318530884808
41.608 4.780779163203103
44.311 3.259725129844187
46.909000000000006 3.5974694214876033
49.501000000000005 4.774865126276196
52.307 4.813835737415366
54.81 4.862234574763757
57.507999999999996 4.749534122955442
60.11 4.739046488625124
62.708 4.858757006467508
65.508 4.8049836803601575
68.109 4.892093811811247
70.709 4.84122107674685
73.501 4.801010338083263
76.108 4.873114261884904
78.809 4.949699134199134
81.609 4.735136188766351
84.11 4.8423444381705245
86.71 4.625978313253012
89.609 4.6095347464448615
92.41 4.6063032919589855
95.209 4.594316296494514
98.203 4.735521617069062
100.80799999999999 4.833121681415929
103.50899999999999 4.7101620421753605
106.21100000000001 4.4194214588001
108.81299999999999 3.7084642233856893
111.50899999999999 3.1299282479972135
114.316 3.8510358370152185
117.00899999999999 4.695015250544662
119.71000000000001 4.494225705329153
