0.012 3.8887914438502675
0.514 3.81929375
1.912 3.7957664864864866
3.812 2.650411075612354
6.716 2.714088495575221
9.218 2.528991318074191
11.832 2.364268929503916
14.507 4.4256108502869065
17.015 2.691386193293886
19.619 2.6064541889483066
22.517 3.233785806451613
25.1 4.230215561959654
27.409 4.92190253411306
29.008 6.267295540438398
30.409 4.600858044164038
33.021 2.730278103694308
35.912 5.547399152029073
38.806 6.398483883495146
41.51 3.209721409214092
44.11 4.85613059386434
46.709 4.588915635545557
49.309 4.583246117399316
51.897 6.302144680851064
54.807 5.421949602122016
57.407 6.078637943015983
59.91 4.6041137233460905
62.611999999999995 3.891310456852792
65.609 5.766222222222223
68.411 6.015115181401902
71.309 5.398540692235734
74.113 4.289658462319208
76.802 4.589427350427351
79.609 4.839478741027056
82.312 4.979338051170386
85.108 5.967128636069813
87.812 6.0478081805359665
90.709 8.924025566531087
93.506 8.035423760523853
96.208 3.9913397241056816
99.115 4.806539753639417
102.001 3.1995311077389985
104.826 2.3940504109589043
107.72 4.035042548134062
110.519 2.8313901116427433
113.412 4.464180672268908
116.309 5.857903520208605
118.912 2.4301610904584883
121.44200000000001 4.4709792531120325
124.411 5.845700305810397
