0.008 5.467699248120301
0.31 5.399187817258883
1.034 3.0501008206330598
4.016 3.1317986577181207
7.008 4.968219314641745
8.714 3.7432616822429905
10.51 2.530254977296542
13.423 3.1810633670791155
16.21 3.4880695296523516
18.212 3.7803019648397105
20.215 3.068321157578966
23.016 4.137666912669126
25.708 4.525269841269841
28.209000000000003 3.9332342264477096
30.918999999999997 2.8689542203147353
33.614 3.4343566015157556
36.216 3.690070910556003
38.81 3.824534818941504
41.402 3.6805071472964572
44.312 4.204150097465886
47.012 3.843189825718323
49.816 3.4162494802494803
52.81 3.412764331210191
55.315 3.406429615197272
57.911 3.1591064204045733
60.816 3.022301918265221
63.815 3.0188545390816683
66.717 3.1460456431535273
69.713 3.2633120580928723
72.513 4.758966465090709
75.212 4.667461071231364
77.911 4.869032587135166
80.513 5.287659728506787
83.411 5.90894315245478
86.107 7.103615236629473
88.81 3.3009207082371055
91.802 2.388158606748562
94.323 2.4268591608984322
97.02000000000001 3.2191137092211957
99.916 4.256063460585027
102.513 5.111493333333333
105.40799999999999 5.099669681937555
107.91 4.852894225271584
110.51400000000001 5.117560103776304
113.11000000000001 5.002825191288994
115.799 5.118783252634578
118.411 6.157425431711146
121.011 4.908911161731208
123.61500000000001 4.282772218073189
