0.015 2.6686385321100916
0.619 2.6882073434125267
1.113 2.6831079136690645
1.614 2.6856501079913606
2.118 2.5443497128270582
4.817 1.7125772314270444
7.632 0.7890338743056312
10.431999999999999 1.235638799883484
12.940000000000001 1.2651416579223504
15.536999999999999 1.2732723112128146
18.038 1.2706830907054871
20.547 0.9637442759440976
23.072000000000003 0.6659788838612368
25.874000000000002 0.6705864801864803
28.682000000000002 0.667774145616642
31.381999999999998 1.1933653767820773
33.942 0.9940349614395887
36.844 0.6897412635062786
39.742000000000004 1.1525017421602788
42.537000000000006 1.3794957160342718
45.431 1.4062073578595318
48.117999999999995 1.415354260089686
50.635000000000005 1.3519024390243903
53.137 1.0777315456927108
55.919 0.9579687958394453
58.553 1.0079944367176634
61.325 1.4630188551044676
64.316 2.311576219512195
67.017 1.5176255850234008
69.724 1.63795383969786
72.629 2.1479963110974487
75.416 2.27617341862118
77.917 1.9950586648685098
80.529 1.9523058994901676
83.322 1.4856919457013575
85.93 1.4754857366158656
88.63300000000001 1.5222385800052205
91.53200000000001 2.550508152173913
94.51400000000001 2.643389090909091
97.315 2.2628012158054713
100.23500000000001 1.365871121718377
102.83699999999999 1.2364354644149578
105.541 1.0419124956247814
108.043 1.0252187134502924
111.03200000000001 1.3788554996405464
113.73400000000001 1.6990726643598617
116.424 1.867858347386172
119.01400000000001 2.8048715824357915
121.51599999999999 2.8065612185120092
