0.01 4.155451428571428
0.415 4.106718146718146
1.311 4.097074452554744
2.109 4.0948326639892905
2.913 4.091324781939456
4.911 3.004436943272386
7.114 3.6828266395526184
9.109 4.086655105973025
11.312 3.8755012962526516
14.11 3.708828382132934
16.913 2.9753894592744694
19.816 2.978504692757216
22.512 2.976208789358478
25.015 2.9804572250179726
27.911 2.9877490909090905
30.71 2.985189975747777
33.218 3.3510272395394556
35.81 4.197696682464455
38.61 4.052135384615385
41.11 3.905940803382664
43.61 3.957842347804996
46.31 4.018405723517193
49.211 4.040020004546488
52.209999999999994 3.971005342399223
54.912000000000006 3.8850366422385076
57.507999999999996 4.132968834355828
60.211 3.953115511551155
63.111000000000004 3.9274045307443366
65.902 4.01809694117647
68.711 4.03381174277726
71.611 3.914226441305858
74.51 4.007186567164179
77.41 4.028635256262928
80.31 3.9683488069414317
83.012 4.0372394489394265
85.709 3.6338101694915252
88.514 3.9199203675344565
91.203 3.9439247015610652
94.11000000000001 3.841350135013501
96.614 3.992781395348837
99.50999999999999 4.005682260745666
102.31200000000001 3.637162955254943
105.21000000000001 4.007418319169028
108.013 4.032897773739209
110.51499999999999 3.63861301369863
113.31299999999999 4.032319497419789
116.00299999999999 3.6759887535145266
118.815 3.764213100436681
121.512 3.9549186206896554
