0.134 0.30522728226652673
2.6769999999999996 0.31366935483870967
5.364000000000001 0.35655066921606116
8.24 0.3698560380725759
10.828 0.37855703532136653
13.443000000000001 0.36980673499267935
16.344 0.3545417750795028
19.032 0.3653249277646441
21.535 0.3402031602708803
24.259999999999998 0.3466791277258567
27.131 0.36997717639387023
30.086 0.35989167386920196
32.763 0.354945625172509
35.558 0.35385190651906523
38.357 0.3571590691743704
41.229 0.3456744767260231
44.137 0.350235509456986
46.657 0.35304072663346026
49.241 0.3516937799043062
51.745000000000005 0.34382184258694326
54.400999999999996 0.3309808449225925
56.991 0.31994323365433347
59.634 0.3681684446939921
62.471000000000004 0.36129658792650915
65.265 0.34288317757009346
67.942 0.36959903961584634
70.938 0.3640750562922192
73.64 0.357411575562701
76.334 0.35515606936416183
79.174 0.344675339693553
81.858 0.3433391494002181
84.736 0.3445184577522559
87.659 0.3670433673469388
90.533 0.3633098082800778
93.37 0.34329361091170135
96.256 0.35320596355604633
99.04400000000001 0.35861035422343324
101.648 0.35828385698808235
104.285 0.3569539127745128
107.25200000000001 0.3562731591448931
109.85300000000001 0.3569794933655006
112.38900000000001 0.34599324894514766
115.362 0.35865390552639703
118.332 0.3654549310710498
120.834 0.3525593667546174
123.37100000000001 0.3441311475409836
126.339 0.35577490297542047
129.274 0.35628732606242947
132.14 0.35712127236580515
