0.026 1.7438944844124702
0.923 1.7579661016949153
1.728 1.7619779527559056
2.421 1.7637673758865249
3.231 1.7301565948502364
5.231 2.1657532950321055
7.8100000000000005 3.4381205505457997
10.512 3.2819713733075435
13.213 2.74996533655784
15.821 2.5816045197740114
18.716 2.853340417457306
21.416 2.6611399564902105
24.216 2.769582449725777
27.201 2.566274218508202
30.017 2.76062494750105
33.015 2.7383611420096403
35.818 2.710687697160883
38.719 2.692172549019608
41.418 2.3754255916566387
44.02 2.63216353928299
46.619 2.741630376344086
49.614999999999995 2.680380541871921
52.405 2.5382523762700755
55.016000000000005 2.5039026136770497
57.917 2.590626758023801
60.816 2.6070071942446043
63.718 2.5748257100149474
66.617 2.5410875576036864
69.12 2.564212191103789
71.718 2.5704603226868623
74.318 2.5632545854732207
77.304 2.5233390614672837
79.919 2.549613381818182
82.423 2.4862854036422943
84.925 2.408963465553236
87.72 2.503515399211794
90.64099999999999 2.4573545430035053
93.418 2.2208506359065363
95.93 2.2360258382036293
98.82 2.587631560653459
101.50399999999999 2.5248529411764706
104.31800000000001 2.5145783501993257
107.12 2.5772591784805527
109.91999999999999 2.628804318488529
112.52000000000001 2.59889972899729
115.02099999999999 2.6040808750414315
117.618 2.6113320235756388
120.221 2.6193268858800773
122.91900000000001 2.5583903635958065
