0.011 3.8073507853403146
0.511 3.8296615384615382
0.913 3.831698630136986
1.314 3.7624108241082412
2.212 3.7401463414634146
4.412 3.3204476683937822
6.415 3.662345803842265
8.508 3.3827336523125995
11.122 3.1161174909986733
14.013000000000002 3.216609453197405
16.517 2.8122555393821767
19.313 2.797673985362608
22.107 2.379770028275212
24.915 2.3819683998850905
27.514000000000003 2.134799610263072
30.220999999999997 2.120401952339937
32.821 2.5925551458263496
35.411 2.998608548455353
38.316 3.0614738473459897
41.01 3.2285015290519876
43.911 3.279462988505747
46.805 3.308159307359307
49.718 3.2886839378238344
52.715999999999994 3.1278882938026014
55.516000000000005 3.0552427523576666
58.31100000000001 2.8927942287873583
61.214 1.9115004987033712
63.834 1.898458841940532
66.612 3.3544758620689654
69.516 2.451016640502355
72.511 2.556689352360044
75.317 2.4670836833602583
78.016 2.4356711386308914
81.014 3.5110775752437475
83.912 3.2457287465401348
86.517 3.29329960750109
89.413 3.3247981755986316
92.215 3.3731787960467203
95.015 3.1630461367426346
97.54400000000001 1.4965969316596932
100.12299999999999 1.9677936962750717
102.72300000000001 2.0393036558070134
105.315 2.6018495412844036
108.114 3.0496187866927595
110.71700000000001 3.1781077050538524
113.71199999999999 3.1004388318863456
116.31700000000001 2.821804846103471
118.91999999999999 2.8153679833679837
121.916 3.050336170212766
