0.013 3.682045569620253
0.513 3.693293768545994
0.913 3.7171295681063126
1.313 3.628082232011747
2.718 3.5189726390114737
5.112 2.9946093457943928
7.318 2.8475314465408808
9.916 3.070537821208831
12.714 3.5927667193259607
14.714 3.853788141239174
17.314 3.4748553157474023
19.913 3.3181329650818703
22.618 3.1608912732474965
25.311999999999998 3.76717880794702
28.216 3.80440882143704
31.012 3.619899936935043
33.818 2.2338429268292685
36.631 2.2166411092985316
39.626 1.7681056164690088
42.241 1.1724639060764717
45.158 0.9122974328710534
48.143 1.251234886025768
50.739000000000004 1.3966091586794462
53.239000000000004 1.2616513761467891
56.047 1.0371844380403459
58.944 1.1188213627992634
61.744 1.1856066829098504
64.736 1.4626419098143235
67.429 1.739468931604828
70.035 1.7633810707025073
73.026 1.8272573221757322
75.933 1.8407965284474446
78.626 1.806709874968104
81.129 1.5245043254187374
83.634 1.2189557469557468
86.625 0.5786174239521875
89.281 0.6784020618556701
91.977 0.6832561983471075
94.572 0.717681592039801
97.25399999999999 0.8168332198774676
99.856 0.874447326795318
102.632 1.4537051039697542
105.32900000000001 0.8885802985074627
108.267 0.6308619544976116
110.946 0.7897163120567376
113.75399999999999 0.8485831676607024
116.364 0.8520960495739737
119.257 0.7395534738485557
121.84800000000001 0.6700366492146597
