0.118 0.39265874730021594
3.029 0.39449762282091916
5.835 0.39244335320940016
8.337 0.45631412844036695
11.135 1.3315030549898168
13.744 1.016153110047847
16.355 0.9234638554216867
18.248 0.9290527722110888
19.849 0.8241148325358851
21.459 0.8188668138337013
22.976 0.9959666180951119
25.642 1.1442818833801058
28.627000000000002 1.5893428451531684
31.53 1.5469462686567166
34.522 2.4362668643439584
37.307 3.213820713664056
40.222 3.0872622754491017
42.811 1.8481251956181535
45.417 1.5027888931152529
48.227999999999994 2.2794694632942627
51.015 2.5602412060301507
53.917 2.892448145344436
56.614999999999995 2.9580626432391135
59.313 3.4620792079207923
61.913 3.609953768844221
64.509 4.067048260381593
67.409 4.947006711409396
70.405 5.380758526603001
72.908 6.510450629050705
75.61 5.219511606873681
78.506 4.839835098768966
81.106 5.417029003783102
83.809 4.176457469621157
86.611 4.490448699067255
89.5 6.5145716302046575
92.405 6.340696487985212
95.213 6.121262654444002
97.805 7.525070521243977
100.707 5.606226600985222
103.31 5.428061966487512
106.005 6.8708464358452135
108.50800000000001 5.874476638655462
111.106 6.294187615869485
114.09899999999999 5.959320577374958
116.608 5.513979889717807
119.30799999999999 5.509518087063151
122.108 5.882684664416948
124.80799999999999 6.408957620817844
127.61099999999999 6.89673120865905
