0.02 2.3842754098360657
0.725 2.416776699029126
1.316 2.400978540772532
1.823 1.9555285489785228
4.727 1.9840736501617318
7.32 1.9724419821483534
10.119 2.0568199886428165
12.724 1.8170691796958662
15.521999999999998 1.8439632432432431
18.318 2.0308622222222223
21.019 1.6903219424460432
23.71 2.026345665378244
26.418999999999997 1.8899221556886228
29.020000000000003 2.274796159122085
31.715000000000003 1.9638625634896922
34.62 1.9537989417989419
37.521 2.0453827029886273
40.422 2.092031886625332
42.922 2.175568281938326
45.617 2.2407640994542146
48.206999999999994 2.106565859421146
50.718999999999994 1.9499484562388363
53.224000000000004 1.9178325903912827
55.82299999999999 1.8967724437211826
58.623999999999995 1.9877719977863861
61.321 1.919862251655629
64.226 1.8682845986984817
66.921 1.7735602339181287
69.426 1.6611278548559232
72.412 2.1818021240916714
75.138 1.5663375924680565
77.718 2.249079234167894
80.23 1.865743346508564
83.118 2.297540083217753
85.815 2.4085821596244132
88.317 2.477538057742782
90.91499999999999 2.3988877005347593
93.428 1.7353122255604343
96.011 2.031671324762437
98.715 1.8210900195694717
101.42500000000001 1.783329005453129
104.322 1.8964014801110083
107.21600000000001 2.472982211370771
110.11500000000001 2.468877059569075
112.81700000000001 2.45502464
115.518 2.1424903190619036
118.22300000000001 2.0859510357815445
121.213 2.0511844895486213
124.12100000000001 2.073939393939394
