0.017 2.7493534971644613
0.622 2.7720267260579066
1.119 2.716840271055179
2.214 2.718968888888889
3.414 2.7143347073371804
4.719 2.7085646661031277
7.114 2.5724857954545457
10.015 2.970551820728291
12.911 2.948428694900605
15.311 3.862178552562071
17.312 2.412678784515055
20.113 3.6024022274576994
22.912 3.8762508771929824
25.509999999999998 3.7555205281617496
28.409999999999997 3.690635380722337
31.310000000000002 3.6467310461668787
34.112 3.6826521913952552
36.711 3.7267803664329335
39.4 3.7237073988681617
42.212 3.6377465738983763
45.010999999999996 3.583263943785683
47.611000000000004 3.5694448544485446
50.114999999999995 3.327475753604194
53.012 3.5265473366400686
55.712999999999994 2.83608685353336
58.313 2.7672699503627336
61.016999999999996 3.28481769641495
63.712 3.3109039301310044
66.611 3.556848263254113
69.412 3.6359981369352585
72.11 3.6392875
75.108 3.6429503816793893
77.812 3.655597914494265
80.714 3.6566236258245053
83.312 3.597485580670304
86.013 3.555469320066335
88.912 3.794971089696071
91.512 3.7584196018376725
94.21100000000001 3.7626096539563587
96.81200000000001 3.7544194183249506
99.702 3.613523564695801
102.412 3.673091214796133
105.21000000000001 3.680707718993929
107.91300000000001 3.6230236734693877
110.41399999999999 3.694762008259074
113.113 3.6662684618523054
115.613 3.3134361140443507
118.41399999999999 3.2375767136150233
121.314 3.2929267872523686
