0.057 0.7080856864654334
2.264 0.7128522336769759
4.164 0.7149239616613419
5.873 0.7158641335636153
7.763 0.7071584640346134
9.765 0.7109866291344124
11.271 0.7708108108108108
12.964 0.7067032520325204
15.087 0.7009106225600986
17.948 0.8005150552939888
20.676000000000002 0.7504761904761905
23.537999999999997 0.8223726135615537
26.161 0.8844346629986245
28.750999999999998 0.9023889585947302
31.444000000000003 1.2907955959789374
34.138 1.268273593073593
36.722 1.2453449275362318
39.535 1.2426713433882848
42.346 1.2568258310800062
45.233999999999995 1.2333177570093459
47.834999999999994 1.2310721435968244
50.735 1.2162737545758395
53.634 1.2371849056603774
56.346000000000004 1.2331825307950728
58.846000000000004 1.199177009579342
61.837 1.195434868162141
64.437 1.203196043800777
67.338 1.217385205479452
70.242 1.1998741905642925
72.839 1.1889259823332319
75.537 1.224147161878066
78.337 1.1925072622208341
81.336 1.1563769394087864
84.047 1.0735238095238095
86.849 1.0802891566265058
89.744 1.0814133558748942
92.53999999999999 1.3138168797953964
95.136 1.354176029962547
97.84100000000001 1.2227619848612281
100.35400000000001 1.205410621761658
103.13900000000001 1.1840689655172414
106.036 1.2058882352941178
108.93799999999999 1.2865251315550719
111.53899999999999 1.1832583690987124
114.338 1.185625554569654
117.036 1.193394221808015
119.74199999999999 1.2301086855550396
122.53399999999999 1.3822090209020903
125.43799999999999 1.268078348332451
