0.053 0.731961751383996
2.171 0.7373459715639811
3.974 0.7394950429610047
5.57 0.7370812092471843
7.373 0.7312841163310962
9.259 0.7406979472140763
10.772 0.7339078396169958
12.574 0.7312260778128287
14.59 0.7250457073760581
17.383 0.6887521431935939
20.135 1.402620519159456
23.031 1.3827098976109213
25.929000000000002 1.068228458609505
28.633000000000003 1.4751168831168833
31.33 1.6122266372332597
34.027 1.6562816775061675
36.527 1.1778239415169052
39.435 0.7766014905743095
42.144000000000005 0.9643381924198251
44.653999999999996 0.9665934819897084
47.446 0.9680491174213354
50.328 1.8084522328999435
53.223 1.8040538720538721
56.123999999999995 1.266461427019196
58.762 0.7579455581346275
61.354 1.0102575881870386
64.326 1.0042843340234644
66.903 0.4985924596050269
69.502 0.50115823817292
72.097 0.5049690808979246
74.6 0.6457287066246057
77.173 0.7074138124649073
80.072 0.9070116492949111
82.924 1.7331307804980123
85.83 1.1494815852121552
88.555 0.763166851945427
91.52099999999999 2.028670520231214
94.125 1.9838957475994514
96.80799999999999 2.103277275886032
99.321 2.284904229460379
101.91999999999999 1.2642857142857142
104.64500000000001 1.0345748170577844
107.63 0.7205325203252032
110.59800000000001 0.549913425345044
113.255 0.5485221674876848
115.887 0.8342097719869708
118.55099999999999 0.9524294372294372
121.34800000000001 0.9473680000000001
123.951 0.9384197983501376
