0.012 3.7388380462724937
0.514 3.748915662650602
0.911 3.75455033557047
1.316 3.6942512077294687
2.216 3.679737886479003
4.414 3.6764564564564566
7.114 3.963324913892078
10.013 3.7590020517029132
13.010000000000002 4.413245303274289
15.809999999999999 5.572770712909442
18.509 4.583072219293622
21.412 4.360802696396163
24.309 4.0868679768786125
27.212000000000003 3.736249589490969
29.901000000000003 5.060943848580441
32.608 5.623730894839974
35.211 4.84462099973552
38.11 5.078944512946979
40.909 5.576210922787194
43.708 5.403642968994676
46.51 5.070908638906153
49.31100000000001 5.076312536443149
52.307 5.073379389095061
55.101 5.073720136518771
57.908 5.005527896995708
60.510000000000005 3.0220434236497398
63.221999999999994 3.3428752834467117
66.012 4.337746494363487
68.71 5.0329832007073385
71.212 5.533116011505274
73.908 5.663498827470686
76.509 4.185826065773448
79.402 3.4390017657445555
82.112 4.080769127816195
84.71 3.0992607016954845
87.217 3.4776123276561233
90.21100000000001 2.1637430262045645
92.91999999999999 3.351613191727222
95.61500000000001 5.002973158981417
98.608 5.148420470262794
101.108 5.63391048764195
103.9 5.580002554278416
106.61000000000001 5.596908671282558
109.209 5.484342292245906
112.00800000000001 5.698826684545759
114.607 5.600513555624805
117.40799999999999 5.298588314758527
119.911 5.160160431008681
122.80600000000001 5.658245683275777
