0.013 4.0288310249307475
0.41 4.002057877813505
0.812 4.024661870503597
1.21 3.9571021992238036
2.111 3.943616221562809
4.21 3.943670153846154
5.91 3.8313607103218645
8.511 3.4997852913085
11.313 3.243983428684159
14.011 3.4853601124723843
16.612 3.4575812288725394
19.211 3.433976316864026
21.715000000000003 3.442198971877835
24.613999999999997 3.434810273405137
27.609 3.4558611987381704
30.11 3.462428504453821
32.81 3.464870967741936
35.61 3.436329776915616
38.209 3.4191536131544784
41.11 3.411837488457987
43.811 3.449145067698259
46.411 3.444461325420376
49.013 3.415730924466654
51.813 3.4217618748692193
54.712999999999994 3.4195308835027363
57.411 3.422444218654745
59.911 3.4186057795219407
62.614000000000004 3.4244375949641848
65.311 3.3088378221274946
68.203 3.2180520446096654
70.716 3.4042577527184856
73.314 3.4153877956668652
75.912 3.3825920494017754
78.712 3.3934498237803745
81.218 3.414495840266223
84.211 3.4108112014453478
87.011 3.390520930232558
89.811 3.3838197386210003
92.613 3.3810790697674418
95.31 3.3823789186733304
98.112 3.3981197427016325
100.71199999999999 3.4195329441201
103.213 3.417641232132072
105.81200000000001 3.4324856921887084
108.614 3.434262626262626
111.114 3.4330559694364853
113.91399999999999 3.3754561101549054
116.61500000000001 3.335286515767073
119.41499999999999 3.40132384341637
