0.014 3.3589099307159356
0.515 3.373008130081301
0.906 3.3802296072507554
1.317 3.306854054054054
2.314 3.2964001653575856
4.807 3.6370397275822928
6.607 2.3868599670510706
9.221 2.1759158758656065
12.211 3.020214254094732
15.012 3.095302286198137
17.91 1.7456586951474344
20.822 1.2976350777934935
23.725 1.1930710348086313
26.624000000000002 1.6122169939723896
29.325000000000003 2.447151154132539
32.114 3.064464730290456
34.615 2.729824214613484
37.511 2.687035267349261
40.215 2.610394449950446
42.817 2.608556300741264
45.716 2.799384615384615
48.498 6.84140376007162
51.208 6.469620677102293
54.010000000000005 3.5774666374972655
56.712999999999994 2.6510562206394908
59.413 3.330403005734625
62.007999999999996 3.1192552083333336
64.715 2.7191285763529818
67.612 4.2384988830975425
70.21 4.064112676056338
73.199 3.6371652323580035
75.915 3.6113526691887348
78.805 7.513327046720961
81.705 7.503727645611157
84.209 4.049637201140601
86.807 4.076915616829094
89.608 4.2948120805369125
92.31 4.324121822300529
94.90899999999999 4.367091327705295
97.601 4.368692111959287
100.108 4.682933925596891
102.80799999999999 4.737481160206018
105.607 4.711469331112961
108.309 4.644902145473574
111.207 4.647238928376162
113.90700000000001 4.587046452271568
116.40899999999999 4.543620040544455
119.40799999999999 4.480274428274428
122.00200000000001 4.341129447388342
