0.013 3.654291457286432
0.515 3.6499706744868035
0.916 3.6026906290115535
1.815 3.38603537414966
4.11 3.5189726390114737
6.407 3.2914555726759116
8.411 3.4413871733966745
10.613 3.297277885736494
13.315 2.7870359477124182
15.817 2.1547609784851165
18.318 2.8012488822652757
21.302 3.0876836348338244
24.213 3.250990557939914
27.115 2.726225550396885
29.912 4.2230039484074755
32.805 4.856137619853357
35.407 4.5117024630541875
38.008 4.538869421487603
40.708 4.673982636148382
43.609 4.335133668341708
46.208 4.249527083333334
48.801 4.3388367804634935
51.408 4.43193216957606
54.010999999999996 4.184390992835209
57.007999999999996 4.289926434526729
59.712 3.898575925925926
62.611999999999995 3.777785136999803
65.31 3.583098796275267
68.306 4.573356186395286
71.109 3.7417592392478927
74.002 4.795899007092198
76.606 4.849792830934237
79.209 4.084966674434864
82.113 3.392820474777448
84.614 4.26085760443111
87.51 4.699064109589042
90.21 4.4285605536332175
92.80799999999999 4.5910571886691605
95.608 4.642632580908349
98.6 4.431843056272586
101.511 3.9429471715755025
104.412 4.287676153091266
107.10900000000001 4.2576935038876345
109.71100000000001 4.183038642789821
112.511 4.159432346464399
115.21100000000001 4.067914893617021
117.71100000000001 3.851981340535232
120.40899999999999 3.6494699407281965
123.404 4.303663789868668
