0.013 3.729251282051282
0.511 3.7376576576576577
0.912 3.741993311036789
1.312 3.667673860911271
2.214 3.6652575438596493
3.71 3.682820809248555
4.53 3.6781434159061277
5.415 3.6521291433491174
7.815 3.2542552938848206
10.414 3.490969221484611
13.014 3.4811163163163164
15.614 3.3545305145592343
18.215 3.5365554221688678
20.813000000000002 3.568517545579298
23.512 3.4635561312607948
26.215000000000003 3.4907488343807014
28.903 3.5017228063467787
31.714 3.5152754427138895
34.518 3.5541179190751446
37.517 3.6172491434165446
40.111000000000004 3.61181584772023
42.712999999999994 3.6579310924369746
45.613 3.6917424179476526
48.516000000000005 3.7609475620975164
51.411 3.553589274832419
53.916 3.433955349376631
56.417 3.4561765650080254
59.20399999999999 3.7212122699386505
61.91 3.718291447682752
64.61 3.720918970448046
67.311 3.702931637519873
69.813 3.623931656383484
72.517 3.6119085101998762
75.414 3.724366449511401
77.914 3.74336901865369
80.913 3.7670951021304635
83.514 3.7679705593719333
86.21199999999999 3.7666599429949574
88.81200000000001 3.682260569456428
91.517 3.6607590618336885
94.501 3.7517633451957293
97.113 3.7713785066896848
99.81700000000001 3.7925433422698838
102.41399999999999 3.7476917880515095
105.21100000000001 3.7361758241758243
107.81200000000001 3.9867009760425907
110.417 3.835032999266683
113.11600000000001 3.626440050483803
115.91399999999999 3.702151065203357
