0.023 1.986896174863388
0.822 2.0107269789983846
1.522 2.0051182795698925
2.129 1.9696329684481648
3.719 1.9715497005988025
5.534 2.4292888551933283
8.21 2.7819201228878647
10.908 5.655930666666667
12.507 3.4009828335056875
15.408999999999999 3.6487821698906644
18.212 3.0737450945730953
20.916 1.933511438096333
23.714 4.5034530321046375
26.705 3.5510201284796574
29.609 3.764632302405498
32.415 3.4302647468648395
35.113 3.737840502658289
37.709 3.7669920255183413
40.214 3.2295597164151975
42.815 3.0970798779393287
45.517 3.5160922215039863
48.212999999999994 3.0784568599717113
50.914 3.6628293487221764
53.81100000000001 3.1919968768299825
56.513000000000005 3.089231855906763
59.209999999999994 3.4811591566763127
61.80500000000001 3.955563261093911
64.71 7.18087573964497
67.509 6.849944645006016
70.108 5.588482892188509
72.814 4.262618255168936
75.408 5.622649214659686
78.009 5.259103510351035
80.913 3.4252177494851153
83.81 3.6880335597283262
86.603 2.8256316309719933
89.219 3.204976627712855
92.11099999999999 2.788012982797793
94.81299999999999 4.424573421154592
97.518 2.3830396927016646
100.21600000000001 2.65876887340302
102.912 5.476644610458911
105.90799999999999 4.07461002548853
108.62 2.254564814814815
111.61600000000001 3.285632548179872
114.50800000000001 8.586351912568306
117.507 2.711097287022637
120.423 3.68220760358821
123.22399999999999 2.7477872544321995
