0.031 1.403868725868726
1.127 1.4127582292849035
2.129 1.4126969696969698
3.033 1.262391878172589
4.141 1.3287967479674796
5.232 1.5284599092284419
6.035 2.0652532942898976
7.516 2.6537053487644666
10.312 2.5784822373393803
13.017 2.5421084840055634
15.564 1.1367632295131538
18.219 2.065116488463703
20.818 2.0690543567331328
23.518 2.254999184117487
26.311 2.8665713039686
28.905 2.3800708991298745
31.621000000000002 1.4602703927492449
34.558 0.7566971379752242
37.539 1.326895717884131
40.117 2.320263736263736
42.915000000000006 2.893643813387424
45.912000000000006 3.2518502127659574
48.81100000000001 3.30666438941076
51.712999999999994 2.62515015015015
54.601 3.253536231884058
57.408 3.247078853046595
60.212 2.5080931857891673
62.715999999999994 2.1425559872836453
65.623 2.355761070492482
68.416 2.6929724685020995
71.41 2.884905119453925
74.315 3.1010315827467965
76.909 2.214044713906783
79.607 1.8179613696224757
82.232 1.4924450909090907
84.826 1.5808113879003558
87.71600000000001 1.8854497251859037
90.42699999999999 1.2155894447142626
93.243 0.9662794098099162
95.83699999999999 1.7839269406392693
98.713 2.7125888125613344
101.31200000000001 2.56915873015873
104.107 2.4618194444444446
106.619 2.4153056416615004
109.417 2.1623314543404737
112.018 1.8917678786419456
114.71700000000001 2.2658847596317764
117.21700000000001 2.267568653717348
119.81700000000001 2.2619452313503308
