0.013 3.3511705069124424
0.517 3.3458064516129036
1.015 3.370048192771084
1.42 3.306854054054054
2.413 3.3123621730382293
3.516 3.2948401028277634
5.513 3.2957779799818017
7.816 3.2921598758246025
10.517 2.592425035472174
13.446000000000002 1.663497699386503
16.043 1.3380587293112653
18.75 0.7549294383871632
21.529000000000003 1.6381757961783439
24.424999999999997 1.469262512768131
27.046 1.0345410895660203
29.747 2.138475912408759
32.717 2.5935741239892183
35.418 2.5945252173913045
38.117 2.7628195804195803
41.01 4.19174134997164
43.831 1.3416249280605113
46.638999999999996 1.1299494307260092
49.55200000000001 1.9508796433878157
52.319 2.5939910979228484
55.120999999999995 1.360569696969697
58.022999999999996 1.4943257731958763
60.605999999999995 0.8396989373111046
63.443 0.6953765258215963
66.316 0.4946977606177606
68.935 1.3232319644839068
71.436 0.47238109527381844
74.316 0.3916394156046006
77.239 0.5372565825313237
79.882 0.6220513796384396
82.581 1.214753598645216
85.338 1.2348571428571429
87.944 1.0393682132280355
90.55000000000001 1.0476349148859108
93.44300000000001 0.6072949039264829
96.083 0.5630821210699203
98.886 0.5666558161799904
101.582 0.5974528233151184
104.51499999999999 0.4073211781206171
107.01599999999999 0.5393176838810642
109.63399999999999 1.3846632124352332
112.231 1.388841648590022
114.731 0.9599217107647698
117.656 1.078865519439133
120.53899999999999 0.5354644014753549
