0.012 3.0944851063829786
0.513 3.0961194029850745
1.018 3.057185185185185
2.014 3.04494616639478
4.515 3.1680540325784663
7.115 3.2480810947795233
9.214 3.1483061224489797
11.814 3.224589889775751
14.513 3.276975984630163
17.211 3.3307990888382686
20.011 3.335648624667258
22.501 3.312014440433213
24.808 3.2933947826086953
27.219 3.2821868012982334
29.814999999999998 3.2835022513303316
32.814 3.3358899651297946
35.513 3.356085012825211
38.014 3.3929357495881387
40.911 3.2887463902258425
43.417 3.201082003710575
46.416 3.1551013147718487
48.92 2.8348668186258545
51.616 3.222724927174365
54.613 3.2786685419596813
57.309 3.338200743494424
60.013000000000005 3.330643382352941
62.815 3.3292586006957867
65.509 3.2645726587728743
68.414 3.150762753036437
71.413 3.1163624750499004
74.204 3.15175101488498
77.015 3.2177558052434456
79.916 3.246636784589739
82.416 3.274402720601396
85.115 3.3056931065353625
87.818 3.1880267657992563
90.323 2.0282947702060223
93.02000000000001 2.034876964769648
95.81899999999999 2.207506832675372
98.40700000000001 2.340338258409305
101.22300000000001 2.5369782046545994
104.019 2.854173337974243
107.01599999999999 2.8554329440193316
109.63499999999999 2.7445494892567806
112.513 3.056554581673307
115.11600000000001 2.867340145985401
117.917 2.867057808455565
120.81299999999999 2.86540837917901
123.71100000000001 2.916903357070193
