0.018 2.4989828178694156
0.716 2.5246247464503044
1.321 2.5142831460674158
1.815 2.522223123732252
2.426 2.471837837837838
3.821 2.462899308224443
6.514 2.4606385869565215
9.015 2.891580095432856
12.01 3.9483009259259263
14.309 3.5401077111383112
16.809 3.7162162855310963
19.611 4.058787644787644
22.308 3.808598146951088
25.014000000000003 3.525664923494092
27.713 3.972070314434266
30.310000000000002 3.9888496641186006
33.212 3.94349020452099
36.105 3.8477571228397944
39.014 3.9514697508896797
41.614 3.9773702166897187
44.512 3.9936818404307393
47.211 4.0063856419696275
50.108999999999995 3.971407374301676
52.712 4.0001467710371825
55.41 4.007862542955326
58.31100000000001 4.03687631831256
61.30200000000001 4.049166279315445
64.111 4.049379876796714
67.109 4.045702914001422
69.913 4.041344537815126
72.81 4.043421191102607
75.609 3.9337948717948716
78.507 3.8754348883484413
81.109 3.9597593073593074
83.81 3.99271107266436
86.702 4.020530707923113
89.50999999999999 4.019431562418215
92.40899999999999 4.021473782771536
95.315 3.9744778567523236
98.209 3.9577969165337588
100.709 3.958270893371758
103.50999999999999 3.9809949886104783
106.011 4.019754676770069
108.81200000000001 4.031981830570066
111.501 4.028341232227488
114.30699999999999 3.723233478350943
117.21199999999999 3.8089633406166543
119.911 4.023359626604434
122.811 3.8474552163703457
