0.028 1.3173985507246377
1.243 1.3297435897435899
2.243 1.3272313167259786
3.234 1.3284786324786326
4.234 1.3194106962663974
5.337 1.3311093544137023
6.245 1.3038375398897593
8.839 1.1307338397974145
11.437000000000001 1.0805612923661705
14.356000000000002 0.928276282376841
17.334 1.2923917995444192
20.014000000000003 1.2864922760041195
22.637 1.2846833166833167
25.232 1.270678445229682
27.939 1.2920325826545282
30.628 1.40311877394636
33.328 0.6150952040085899
36.069 0.7362543640897755
38.854 0.9573603473227207
41.849000000000004 0.9567470288624789
44.83 0.9577585421412301
47.748999999999995 0.9456898876404495
50.42400000000001 0.9302152777777778
52.956 1.164436917866215
55.938 1.1357885601577908
58.54600000000001 0.9944401756311745
61.44499999999999 1.1100389225415648
64.366 0.7183297015632402
66.975 0.6354003919007184
69.541 0.6437537796976242
72.082 0.6412260692464359
74.678 1.002310262529833
77.535 1.332735135135135
80.337 1.285095719844358
83.041 1.1488378088077336
85.937 1.1774639258363564
88.537 1.2514369098712446
91.333 1.3261561285764747
94.136 0.9648685956994956
96.75 0.8934683544303796
99.25800000000001 0.9608311688311688
102.156 0.9542048636698599
105.15299999999999 0.9592733278282412
107.953 1.0101549985594929
110.72300000000001 1.0456524465040207
113.642 0.8905590569031965
116.53200000000001 1.3123696682464456
119.24100000000001 1.1425852176847788
122.23599999999999 1.1788385826771652
