0.01 4.516795031055901
0.409 4.559120879120879
0.707 4.529781376518219
1.009 4.471988304093568
1.809 4.452256839754328
3.708 4.450322222222222
5.211 4.441657231085949
8.209 3.2513533274179234
10.917 2.0146718941435924
13.622 1.915409271523179
16.326 1.6991077966101695
18.826999999999998 1.695017090069284
21.723 1.7804193548387097
24.520000000000003 1.776723926380368
27.022 1.7845612177365984
29.619999999999997 1.887701030927835
32.221 2.159048616305161
35.118 2.1702027565084228
37.918 2.70883236201577
40.912 2.426942528735632
43.521 2.0223510065211228
46.117 2.7667805937726286
48.914 3.247047379454927
51.414 2.994433253982787
54.41 3.6093088508355686
57.31399999999999 4.600340890467085
60.006 5.625096565893749
62.512 3.3255446880269814
65.311 4.803632067510549
67.905 5.291295843520782
70.71 3.327208029915371
73.601 4.3600142095914745
76.109 4.9044745383324
78.806 5.211990883190883
81.408 5.658074164878945
84.204 4.510014199316329
87.115 3.3717339187705817
89.709 4.744472797569732
92.41 4.008208499647805
95.21199999999999 3.670934359632243
98.202 2.6010683114880493
100.816 2.5569228968544255
103.71600000000001 2.41333864088712
106.32 2.4220627914205783
109.114 2.2551299235743683
111.61500000000001 2.249860252004582
114.21700000000001 2.249015228426396
116.71799999999999 2.2098433420365535
119.31899999999999 2.1956003666361132
