0.074 0.6228728051391863
2.584 0.6276550680786687
4.687 0.6271614349775785
6.588 0.6276910651186269
8.695 0.5524021968736798
11.195 0.5408522483940043
13.198 0.5404847950639048
15.616 0.6441834182491895
17.857 0.7498009950248756
19.563 0.7534461746784021
21.187 0.8125529017615909
24.068 0.7346035431888699
26.643 1.0030951638065522
29.546999999999997 0.975853459972863
32.15 0.9244290429042904
34.953 0.9228557130942452
37.771 0.7772342487883683
40.57 0.6507533260632496
43.273 0.5499606779661017
45.803 0.47481624261115396
48.647999999999996 0.7359206534422403
51.462 0.7344363001745201
54.263000000000005 0.7342754759238521
57.164 0.781569907735983
59.833 0.7760711590296496
62.681 0.762258469259724
65.259 0.8269599417334305
67.962 0.8876260487415102
70.565 0.9518945558739255
73.453 0.7878200147528891
76.206 0.5108997971602434
78.787 0.5148769922353903
81.398 0.5712397022332506
84.241 0.6647938808373591
86.871 0.7544566188572772
89.764 0.6401776873516446
92.68700000000001 0.5627365045430252
95.18799999999999 0.5835811764705883
98.144 0.7093005531653349
100.874 0.7142428571428572
103.68799999999999 0.6976597677940435
106.27699999999999 0.7014914481185861
109.268 0.7695690871594486
111.83600000000001 0.7460528533129069
114.36699999999999 0.8366938008766438
117.05699999999999 0.9265643994211288
119.55799999999999 0.9190108604845446
122.53200000000001 0.8436046304541407
125.27000000000001 0.5579378746594006
