0.013 3.8273894736842102
0.513 3.865341614906832
0.914 3.7874439946018894
1.711 3.790384138785626
2.613 4.494829604130809
3.809 5.815303085299456
5.008 4.966987050359712
7.605 5.140677890011223
10.208 5.326774214447684
12.909 4.3899843157095875
15.908999999999999 4.238950755728912
18.604 5.358272061165976
21.307 5.041558471192242
23.906 4.768930573749017
26.499000000000002 5.057752837326608
29.213 5.24516113310996
32.111 4.926711135018827
34.91 4.0581517241379315
37.507 5.1659808083745276
40.012 5.220524054462935
42.909 5.064613283674737
45.71 5.029391103408434
48.709 4.662132214060861
51.30200000000001 5.342241097680497
53.905 5.610750481077614
56.608999999999995 5.223898263027295
59.408 5.244856048166392
62.105999999999995 5.436383184011027
64.607 5.419521421770866
67.308 5.348507877664504
70.106 5.3111982406534715
72.906 5.290275862068966
75.901 5.355512373968836
78.71 5.377450911228689
81.708 5.436482921083628
84.706 5.364899593368783
87.509 5.075428949107733
90.107 4.3904257602862256
92.612 4.819582156973461
95.212 3.7642973032229774
97.818 2.987060031875332
100.69800000000001 5.155329793510325
103.21000000000001 5.387313233894003
105.90700000000001 5.32158752997602
108.809 5.2711937984496124
111.61099999999999 5.264220269478617
114.11099999999999 4.5968707881629065
117.106 4.893583877377235
119.708 4.737407682775713
