0.043 0.9663840531561462
1.648 0.9731352619233776
3.058 0.9720729800173762
4.348 0.9377496229260934
5.756 0.8793113651647613
7.361 0.8260932134096485
8.658 0.8192117568470273
10.259 0.8506373088685015
12.077 0.8856002076843198
14.869 0.4938266801756163
17.799 0.41172714078374456
20.4 0.3181823739174732
23.055 0.31815141019297377
25.865000000000002 0.46206488917442984
28.572000000000003 0.6380455580865604
31.479 0.6272698412698413
34.403 0.5975259780583729
36.931 0.3689308022045315
39.928 0.3670102635228849
42.732 0.437348855258052
45.661 0.5125428687525395
48.287000000000006 0.5388373879641486
51.286 0.6125249883232136
54.099000000000004 0.6221649717514124
56.986999999999995 0.6408471615720525
59.977000000000004 0.8390229219726789
62.742999999999995 0.8151421540791217
65.453 0.8150687442713107
68.163 0.806854891661195
70.94 0.8143661202185792
73.567 0.8104041184041184
76.255 0.8012449337002752
78.856 0.6127646906101255
81.593 0.5986959706959707
84.379 0.6697591036414566
87.171 0.7642246117084827
89.973 0.7657309090909091
92.96000000000001 0.6663257313982954
95.47300000000001 0.6952942798070296
98.131 0.734878909005408
100.982 0.8307807290712586
103.55000000000001 0.6937428087986464
106.458 0.818661028893587
108.965 0.9183850766155895
111.53 1.3483350151362261
114.138 1.3394693877551018
117.131 1.3765197505197504
119.642 0.918843805129597
122.16499999999999 0.6248597887048389
