0.088 0.4504205636419944
3.003 0.45491228070175443
5.925 0.45611740725642075
8.511 0.45464570383912245
11.406 0.429827744904668
14.137 0.43212660393498714
17.114 0.4278995115143056
19.619 0.425709213345577
22.615 0.43060000000000004
25.115 0.432506801399145
27.916 0.42340298507462687
30.476 0.3779679273827534
33.44 0.38001418439716317
36.046 0.3763495552066981
39.029 0.37148806366047743
41.761 0.3684662004662005
44.427 0.3702263785875524
47.256 0.36690864799025574
49.772 0.3604118768727867
52.709 0.3570506490201069
55.376999999999995 0.36774577259475216
58.035 0.3664719883889695
60.644000000000005 0.3701428168219023
63.345 0.382904033379694
65.941 0.3759268834051443
68.821 0.39408128
71.632 0.390764769065521
74.541 0.3952177777777778
77.539 0.40171297809741746
80.469 0.405107713217805
83.122 0.3773198156682028
85.983 0.31791672975018925
88.674 0.3176181015452539
91.564 0.3174440398154892
94.372 0.3414145644930985
97.25999999999999 0.344921002965759
100.14599999999999 0.346798418972332
102.87100000000001 0.3273137578356978
105.815 0.2943208365212956
108.483 0.29381194906953967
111.28299999999999 0.295936
113.99000000000001 0.36723085649461146
116.76499999999999 0.3828872775214239
119.548 0.3863497757847534
122.364 0.35775100401606424
125.35900000000001 0.3323415520373735
127.97300000000001 0.33355245603395994
130.603 0.33159537976898845
133.144 0.3331454005934718
