0.029 1.440007920792079
1.132 1.4523220536756125
2.132 1.4474204398447608
3.031 1.4475622817229337
4.032 1.4400176211453746
5.032 1.4495150645624104
5.839 1.2402191405581235
8.348 1.0958274347713768
11.239999999999998 1.0345206974981047
13.943000000000001 1.0365949241457535
16.645000000000003 1.1313260219341974
19.414 1.2851687242798355
22.037999999999997 1.2846833166833167
24.644 1.2706661791590492
27.435000000000002 1.2000320427236315
30.235999999999997 1.0669016751638747
33.048 1.0195902439024391
35.77 0.9828980441115273
38.532 1.297129411764706
41.135 0.9182455268389662
43.849000000000004 0.9417523105360444
46.551 1.018141935483871
49.444 1.018971250971251
52.349999999999994 0.9332880895826264
54.953 0.9189990424513246
57.757000000000005 0.9202059981823689
60.647999999999996 0.9419933628318584
63.352000000000004 0.9462214650766609
65.853 0.9352315328467153
68.355 0.9229709151099551
70.944 0.9869254237288136
73.643 1.1702105747126437
76.235 1.167391480730223
78.851 0.8961973954763537
81.46 0.8216632302405499
84.355 0.8232380952380952
87.05699999999999 0.8112798483891346
89.857 0.8938566131025958
92.74199999999999 1.0489639249639249
95.731 1.384272220156192
98.72900000000001 0.9497441571013691
101.54599999999999 1.0107284604955011
104.243 1.147905138339921
106.84 1.135499176276771
109.63900000000001 1.138160136286201
112.452 0.8607737704918033
115.25 0.8615562784645413
117.95400000000001 0.9439729526671675
120.739 1.1808719723183392
