0.027 1.7933514180024661
0.926 1.8090697674418605
1.722 1.8133808752025933
2.421 1.8073488372093023
3.232 2.0603518737672584
5.823 2.144016058882569
8.423 1.7125579196217493
11.235 1.313906767848846
13.828 1.4688189451022604
16.527 1.6776282698485543
19.027 1.6782482142857142
21.613 2.528220461591457
24.113 2.533380602006689
26.904000000000003 3.043917767988253
29.712000000000003 3.7581749571183534
32.511 3.1601882755669664
35.413 3.1917424680148576
37.915 3.2577986206896554
40.714 3.227803921568628
43.216 3.2555242290748896
46.121 3.2506342629482075
48.716 3.260627715355805
51.614000000000004 3.5480231583150332
54.212999999999994 1.651110662358643
56.733999999999995 1.8835364446775038
59.617999999999995 2.0020662983425415
62.324 2.337891422366992
65.109 3.8931810012836974
67.714 3.1267111289674565
70.313 3.8173535452322738
72.909 3.183340318906606
75.719 2.606015017064846
78.405 2.8747446203816485
80.916 2.870929636048527
83.91 2.016322279538197
86.528 1.4685989887203423
89.233 1.4685711407705866
91.833 2.2287610566933806
94.813 2.635721537345903
97.613 2.635262300884956
100.524 1.932901773149451
103.31200000000001 1.814569595043151
105.92699999999999 1.4410650406504064
108.43100000000001 1.4077282746160795
111.03399999999999 1.5701907490790012
114.02799999999999 1.9124907497565726
116.727 2.2558859470468433
119.715 2.988067078552515
122.517 3.347868623340321
