0.01 3.7388380462724937
0.51 3.7602416918429005
0.916 3.697623188405797
1.71 3.6897949336550058
2.616 3.9030797846304455
4.711 4.066284263959391
6.412 4.249207287050714
9.009 4.176288124002736
12.008 4.297896497647674
14.908999999999999 4.208975988357992
17.61 4.295498023715415
20.21 4.2765359776252225
22.711 4.156055490242182
25.509999999999998 4.2870956194065
28.502000000000002 4.226341412012644
31.409999999999997 4.175524733268671
34.11 3.740557892587298
36.612 3.6427362370108334
39.213 3.6278962630181746
41.715 3.8573288620612565
44.31100000000001 4.225319523562921
47.211 4.259234833659492
49.912000000000006 4.233455931395903
52.902 4.284149855907781
55.809 4.3195851851851845
58.411 4.3173155601127915
60.911 4.160812852800695
63.611000000000004 4.238684578183772
66.411 4.317803286978508
69.41 4.323956043956044
72.01 4.251897384305835
74.612 3.9140810933940773
77.303 3.443054802592811
80.01 3.845719571158293
82.818 3.7634339741569494
85.61099999999999 4.06871551724138
88.50899999999999 3.6539448621553885
91.209 2.7058363963963967
94.011 4.056540178571429
96.911 4.052594447468699
99.81 4.075363131191109
102.703 4.148247804414907
105.513 4.105302055622733
108.213 4.32784397854705
110.911 4.319004065040651
113.91 4.320203846153846
116.60900000000001 4.328033103448276
119.31 4.331682412060301
121.91 4.336205671077505
