0.008 5.3866962962962965
0.307 5.3182
1.009 5.32541935483871
1.606 5.292110726643599
2.21 5.319043618739903
2.908 5.034142969363708
4.21 4.202649135622108
6.911 4.13575079006772
9.907 4.016549096238398
12.609000000000002 4.019830437804031
15.515 3.9242103362672083
18.51 4.100345197464652
21.209 4.134667602339181
24.109 4.108103814037463
26.801000000000002 4.077050063532401
29.308999999999997 4.104854350417163
32.11 3.9554117901101273
34.811 4.057152425510958
37.415 3.885784776902887
40.113 4.020934980191098
43.010000000000005 4.063292828685259
45.61 4.062471301913206
48.510999999999996 4.085528275862068
51.101 4.102508780732563
53.714 4.017988056959118
56.614000000000004 4.048521153846154
59.309 4.095897413977346
62.113 4.033849143441575
64.613 4.039960255500355
67.41 3.8311838902412036
70.013 3.9890382255781027
72.815 4.081428978622328
75.802 4.050044362292051
78.711 3.9856400871459696
81.413 4.239333180252584
84.31 3.5665593678519443
87.21600000000001 3.305950113378685
90.011 4.05656185845489
92.91300000000001 4.052017837235228
95.81299999999999 3.63152
98.41399999999999 3.6413573700954402
101.41 4.069498759305211
104.013 4.074753720595296
106.71199999999999 4.0356481018413275
109.213 3.921476355247982
112.114 3.9112182807399347
114.81299999999999 4.080395318595579
117.713 4.048871770784405
120.51400000000001 4.099093638313081
