0.007 4.646670926517572
0.408 4.696754716981133
0.707 4.7010756302521015
1.008 4.613634992458522
1.715 4.5933133640553
3.506 3.5153395501919915
5.413 3.4634312441534143
8.217 2.2460924359445875
10.917000000000002 2.914008860535176
13.611 4.331904143784324
16.207 3.6445558583106266
19.017 2.9271869126348764
22.002000000000002 3.596774928774929
24.713 3.591005630142919
27.610999999999997 3.609246575342466
30.311 4.506015863331299
33.008 4.797672079622839
35.909 4.152241935483871
38.411 3.976232766338406
41.41 3.9240009097111663
43.911 4.421073963695476
46.706999999999994 5.258759287224403
49.607 5.258002366863905
52.108999999999995 3.906497849976111
55.104 3.864440026507621
57.712999999999994 4.038812470023981
60.509 4.4998131016670575
63.30800000000001 4.507538285714286
65.908 4.037095035460993
68.708 3.9267679745974142
71.707 3.970301550023485
74.508 4.840229859154929
77.108 4.8142246635539685
80.001 4.66685918367347
82.51 4.550726152329307
85.108 4.0798249286393915
87.909 4.0608799576943415
90.81 3.925002513136852
93.31 3.9270669427191165
96.21000000000001 4.488616993464052
99.108 4.49332125732552
101.911 4.498473101673102
104.602 4.501570936091222
107.40899999999999 4.694028556319408
110.30799999999999 4.748491620111732
113.00800000000001 4.556807302231237
115.50899999999999 4.412013498312711
118.10900000000001 4.769044536652836
120.80799999999999 5.297581524249423
