0.028 1.619608017817372
1.03 1.6376842105263159
1.924 1.630985422740525
2.73 1.5408376703841389
3.639 1.065636511817441
4.946 1.0713806998939555
6.048 1.0673281114012183
7.355 1.0693087975800355
9.969 0.7560576241134752
12.648 1.0117774702463327
15.446000000000002 1.1590602655771194
18.220999999999997 1.4035775280898877
20.735 1.4663261117445838
23.726999999999997 1.1406883425852496
26.554000000000002 1.1754455100261552
29.116999999999997 1.1518028696194635
31.654000000000003 0.9265115610398945
34.647 1.0306490181818182
37.641 1.6529638308711154
40.216 2.6159433628318585
43.116 1.6340966781214203
46.033 1.570135196219437
49.027 1.1439007385524371
51.947 1.3449388753056235
54.622 2.1201944035346094
57.519000000000005 1.0510726643598616
60.042 1.0716426527311187
62.644000000000005 1.2708099727634612
65.536 1.1461537555228276
68.452 1.0439859894921193
71.246 1.0382258862324814
74.04 1.1976273764258556
76.735 1.1872680577849117
79.339 0.9900167865707434
82.247 0.9827577335375192
85.144 1.1093779932422505
88.029 1.342780566428736
90.93700000000001 0.9188321096426824
93.77600000000001 0.8358422444521099
96.54599999999999 1.1384516129032258
99.239 0.7787789473684211
101.92500000000001 0.8226531130876746
104.65899999999999 0.8351401869158879
107.166 0.8220980070339976
110.061 0.9499690476190477
113.054 0.9285092838196286
115.56899999999999 0.6794315033350437
118.072 0.9447411748290777
120.892 0.6878102350098836
