0.011 4.167358166189112
0.41 4.1488000000000005
0.812 4.109071742313324
1.611 4.100321715817694
2.415 4.089226666666667
4.41 4.089638800255265
6.01 4.092723163841808
7.81 4.2250478087649395
9.907 4.982955151515151
12.808 4.5487832241153345
15.707999999999998 3.229601783060921
18.217 2.649592942659105
21.115 2.687911192214112
23.819000000000003 2.776965369946606
26.412 2.753723309303124
29.313000000000002 2.767576984892318
32.111 2.804058013052937
34.914 2.8040015829046303
37.512 2.803002483150053
40.415 2.8543993820007727
43.111000000000004 2.87498266827892
45.711 2.9067508558387223
48.416 2.8586961978589884
51.215 2.7587376725838264
54.006 2.7482050497322112
56.714 2.7431794095382287
59.411 2.7783200000000003
62.111999999999995 2.793908797789037
64.815 2.792387513455328
67.712 2.8325428156748913
70.517 2.834123051131601
73.514 2.916295994568907
76.512 2.736704449648712
79.014 2.7361782829793597
81.817 2.861083304287208
84.814 2.749012013105206
87.62 1.9252875536480687
90.222 1.9253066666666667
92.725 1.9256476821192052
95.62200000000001 2.6343297947629156
98.513 2.8331683168316832
101.01499999999999 2.825651274982771
103.70599999999999 2.788061344868266
106.31200000000001 2.7917506270154067
109.213 2.801004746257758
112.012 2.9315343283582087
114.816 2.9102429975885733
117.31899999999999 2.7991712940412405
120.012 2.875943831494484
