0.013 3.5473365853658536
0.515 3.556114285714286
0.917 3.5037403245942573
1.813 3.5159080459770116
2.711 4.029973072215422
3.614 2.8243561040105774
5.916 2.777653374233129
8.614 2.9054438356164383
11.114 2.9256706689536878
14.018 2.2268199666367257
16.92 2.5026160046056423
19.913 2.1095718048413397
22.521 2.2397421643997637
25.216 1.733200668896321
28.128999999999998 1.9864152311876702
31.016 2.3408431061806656
33.717 2.2645950219619326
36.713 3.3613434535104365
39.41 2.842325179856115
42.315 2.464989993328886
44.918 2.4681079584775087
47.419 2.949381705905056
50.309 2.046566596194503
53.221000000000004 1.9436909394107837
55.92400000000001 1.8610901554404145
58.825 1.8297096692754355
61.819 2.183217237008872
64.32 1.911019533711405
67.123 2.0442301024428686
70.011 2.1335031429352282
72.729 1.7582868646200303
75.513 1.782358543417367
78.418 2.1307541378272643
81.318 1.8418127640649322
83.926 2.4459022646007154
86.816 2.86912462006079
89.512 2.815884113954611
92.116 2.879101226993865
94.813 3.0251019558884726
97.81299999999999 2.3588770595690747
100.71600000000001 1.84266165817011
103.52600000000001 1.9491419063465654
106.321 2.284898485336771
109.02000000000001 2.34268671076368
111.917 2.23281490104773
114.41900000000001 1.9819656912209889
116.928 2.3888713156002876
119.822 3.219667142177841
122.50899999999999 8.251269064748202
