0.011 4.06259217877095
0.41 4.054201954397394
0.81 4.08341605839416
1.111 4.003717277486911
1.916 3.9938403755868546
4.511 4.049270072992701
7.41 4.025251865671642
10.313 4.005547879317883
13.008 4.047194683731233
15.611999999999998 3.9710773455377577
18.61 4.00188170310702
21.511000000000003 4.031547459252157
24.5 4.082148729792148
27.409999999999997 3.9272940668824163
30.112000000000002 3.8261845933699026
32.911 4.103876072449952
35.709 3.984666521644551
38.415 4.2176857142857145
41.209 4.004898124683224
43.81 4.001104493773687
46.708 4.0049590117911285
49.608000000000004 4.04330582010582
52.108000000000004 4.058809224318658
54.611000000000004 4.1200806248425295
57.61 3.9841311774083352
60.608999999999995 4.030114381430964
63.41 4.064624390243902
66.21 4.113789830508474
69.108 4.072719294061531
71.906 4.059348182883939
74.709 4.152676000982559
77.501 4.066938698224852
80.31 3.9919362332042816
82.812 4.066256501444766
85.411 4.105469424060485
88.012 4.009252921926134
90.911 4.096625233395572
93.709 3.999938533178114
96.60900000000001 3.9978829039812647
99.41 4.029326449190331
102.40299999999999 4.0075856497980515
105.21100000000001 4.036158891454965
108.11099999999999 3.943187921022067
111.011 3.89230782723087
113.612 4.068836764001914
116.41 4.090133818843878
118.91300000000001 4.011536691383278
121.911 4.043174484052533
124.71000000000001 4.003233507853404
