0.028 1.5982505494505495
1.029 1.6122279792746115
1.923 1.5915448079658607
2.725 1.5962207958921695
3.627 1.6004112607099144
4.536 1.5819441340782123
6.239 1.6565561399496913
9.23 1.4025286824268473
11.838000000000001 1.275979801757995
14.821000000000002 2.0416375314158057
17.524 1.5097493975903615
20.131 1.6371679678786526
22.726 1.7988145333649963
25.525 1.83849933481153
28.311999999999998 1.6776539050535988
30.825000000000003 1.631042402826855
33.422 1.6933636960805782
36.127 1.697583133684715
38.923 1.602771602434077
41.43000000000001 1.5392709852114141
44.32899999999999 1.5329533634214485
47.037000000000006 1.4900568234746159
49.732 1.507374712643678
52.232 1.5189406896551725
55.028999999999996 1.501319693094629
57.932 1.6242671447781263
60.524 1.687128697355534
63.227000000000004 1.6760364741641338
65.929 1.7849504587155964
68.928 1.7082030634573304
71.622 1.7092544031311154
74.327 3.513862862402209
77.114 1.8525630559916273
79.715 1.5435393216548638
82.628 1.5417821187077385
85.523 1.79884135302525
88.32 2.0095437629221227
90.821 2.010360374832664
93.625 1.8260035167043456
96.225 1.5752467202708422
99.03200000000001 1.577670572019297
102.02699999999999 1.5486383380547686
104.614 1.5283552489760726
107.332 1.5036233114627557
110.131 1.6842924259055982
112.827 1.6501810544003361
115.738 1.3450394656952034
118.24000000000001 1.5350170029471777
121.22 2.530797675647121
