0.039 1.092718256949662
1.446 1.1093048128342244
2.645 1.462556862745098
3.52 2.041799671592775
4.218 2.8424695652173915
4.72 2.8222724252491695
5.721 1.4186641414141414
8.545 1.3815170167725126
11.323 1.8271730048205677
14.116 2.0286082130965593
16.825 1.7694874088020711
19.647 1.0603039583935279
22.151000000000003 1.4406253328261696
25.025 1.8328099027409372
27.628999999999998 1.44557906311854
30.418999999999997 1.166907884341918
33.337 2.5847566844919787
35.913 2.959779448621554
38.418 2.265385321100917
41.022999999999996 1.7520246562351827
43.819 1.8247203888462522
46.363 1.4905106299980495
49.123000000000005 1.5146113827498535
51.845 0.7947948630526196
54.774 0.7356090225563909
57.468999999999994 0.7365454545454545
60.272999999999996 0.7338416540595059
62.872 0.741651376146789
65.678 0.781260487804878
68.363 0.8335234131113424
71.351 0.8660453309156846
74.243 1.0276541598694944
77.22 1.028639857015192
79.946 1.0255309803921568
82.85 1.4752782171099927
85.524 2.433624234611666
88.221 1.7714750911300121
91.121 2.416702928870293
93.82 2.422299233588804
96.41900000000001 2.4186536712150746
99.11699999999999 2.3319524617996605
101.619 2.2355616139585606
104.606 2.153064075311266
107.525 1.8640612440191386
110.32499999999999 1.8648400583373845
113.02099999999999 0.911639823624971
115.751 0.9839857862007699
118.62200000000001 2.4461560693641617
121.519 3.26793997271487
