0.036 1.1179154496541124
1.444 1.1325204731574159
2.639 1.1313003033367037
3.747 1.1324735883424408
4.942 1.1252461273666092
6.241 1.1415954802259887
7.251 1.1566773267732677
9.852 1.0760903094875698
12.846 1.0592553951249806
15.443000000000001 1.0306038906117847
18.144 1.1464702653247942
21.025 1.191969465648855
23.642000000000003 1.236507692307692
26.240000000000002 1.1976752706078269
29.222 1.1713605560382276
32.137 1.1593636723387415
34.745 1.1726986721144024
37.339 1.1797722277722278
39.936 1.177068970653955
42.737 1.1322261375823504
45.345 1.1662576847612818
48.041 1.109121625544267
51.038 1.2256224299065421
53.745999999999995 1.1495114822546972
56.343999999999994 1.1484738731551656
58.93899999999999 1.203486529318542
61.544 1.1709343416981781
64.044 1.1767627118644068
66.554 1.160225378346915
69.442 1.1459906048150323
72.345 1.1566681013077305
74.936 1.1597241798298905
77.642 1.1455259666720594
80.445 1.1592474552474552
83.437 1.1768859721082854
86.24700000000001 1.0705539748953974
89.04599999999999 1.0531004510045099
92.041 1.118963249516441
94.737 1.1582727852135117
97.636 1.1509919604205319
100.24600000000001 1.1657783058903413
103.239 1.1554234183457799
106.125 1.1865985699693564
108.744 1.1593742640874685
111.53800000000001 1.1659685863874345
114.237 1.1489540481400438
117.041 1.152992599042229
119.94200000000001 1.1522216993464054
122.839 1.1571980676328504
