0.038 1.2180971524288107
1.342 1.2323168316831683
2.441 1.2281624588364435
3.442 1.2311445544554456
4.542 1.2051023041474656
5.74 1.1612781609195402
6.749 1.1196476043276662
9.341 1.1488010832769127
12.338999999999999 1.3299539961013644
15.030000000000001 1.8397342727730248
17.624 2.238997022036927
20.516 2.4302728476821196
23.116 2.493353522053983
25.716 2.441587750294464
28.409 1.6797975977510862
30.926000000000002 1.5896168747309514
33.631 1.588985411958085
36.624 1.768774837743385
39.225 1.801564979480164
42.224999999999994 1.659937106918239
44.726 1.966050716648291
47.417 2.347004914004914
50.217 2.5399173499508034
53.007999999999996 2.2764973958333337
55.614999999999995 2.2769597464342315
58.321 2.0338845822566753
61.221000000000004 1.9654933820173437
63.721999999999994 1.9674265325981186
66.419 2.2675944055944055
69.418 2.4564153555695407
72.215 2.4414507337526206
75.116 2.311024213075061
77.708 2.3055994789970695
80.319 2.421822222222222
83.31 3.1139787556904404
86.009 3.120469421487603
88.516 2.7586073793755914
91.219 2.238061400894188
94.12 2.240160246533128
96.916 2.171708284714119
99.42599999999999 1.854604374831218
102.41300000000001 1.8522791958436864
104.922 1.5473679615888258
107.62899999999999 1.502463555726957
110.42099999999999 2.2001583022655575
113.02000000000001 2.211855855855856
115.618 2.2174974974974977
118.21700000000001 1.3302475442043222
120.93100000000001 1.4434468213317264
