0.021 2.2583975155279505
0.732 2.2963837638376385
1.322 2.2787291242362526
1.92 2.29419926199262
2.526 2.245899045020464
4.124 2.2757329545454543
7.015 2.6237305324157916
9.813 2.6363878185208205
12.616 2.623092656670511
15.315 2.619528484414188
18.215 2.702570812365205
21.115 1.9550942994139584
23.933 1.8657162561576355
26.807 2.6074314465408808
29.616999999999997 2.6083523809523808
32.214 2.6499318263365628
35.115 2.679692307692308
37.617 2.6952118676302774
40.314 2.7041971252566737
42.814 2.6736758321273513
45.621 2.4461376105531403
48.421 2.5707591909050644
51.316 2.576779469334493
53.816 2.453135313531353
56.516000000000005 2.5286195001759944
59.415000000000006 2.611704504504505
62.313 2.4892462427745663
64.818 2.5095473727761686
67.815 2.4999627369097333
70.519 2.454098711097139
73.316 2.498188058634251
76.216 2.4186328793158065
79.108 2.4239972612119134
81.614 2.6453631427658895
84.316 2.674632779406973
86.918 2.666187470853412
89.418 2.439753455123114
92.316 2.607731633272617
95.01599999999999 2.557447191011236
97.816 2.2062400411205343
100.721 2.3430910951893553
103.40700000000001 2.658897535667964
106.11500000000001 2.6435645041014166
108.916 2.624377231391041
111.91499999999999 2.584018861569552
114.416 2.4429452736318407
117.21799999999999 2.6615298358029635
119.815 2.6954458598726116
122.41399999999999 2.6990422535211267
