0.011 3.797409921671018
0.513 3.817914110429448
0.912 3.8186211604095566
1.315 3.7531779141104296
2.216 3.7348908665105385
4.413 3.7410764740221834
6.212 3.743731266149871
8.212 3.7341091549295773
10.513 3.723675724637681
13.512 3.7311563104708667
16.213 3.7482595386936843
18.912 3.764461951656222
21.412 3.928807290509002
24.012 2.957434281072299
26.719 2.59682615733247
29.512999999999998 3.360629195940671
32.406 2.8081422658286064
35.017 2.8081653319555673
37.518 2.8129811320754716
40.414 2.814181264280274
43.114999999999995 2.2179203980099502
45.916 3.3010142548596115
48.813 3.3109055151774265
51.718999999999994 3.424779627815867
54.309 3.6429046653144015
56.809 4.037593314763232
59.403000000000006 3.556066061106524
61.922 2.1693762517882687
64.821 2.5709890981169474
67.412 4.085027734170591
70.409 3.9360987194412105
73.311 3.4867727272727276
75.811 3.927535738292628
78.311 3.6391661030435647
80.913 3.730510406142655
83.415 3.9675188526486234
86.312 3.9726456285566476
89.21 3.9312897025171623
91.90199999999999 3.9552734012974975
94.81200000000001 3.9002635165833714
97.31299999999999 3.865244729605866
100.209 3.789368603642671
102.912 3.777352914997775
105.513 3.950337338673787
108.11099999999999 3.950639089007669
111.013 3.950768960211035
113.614 2.698042992261393
116.209 2.398455203116305
119.01599999999999 2.5251571994715984
