0.034 1.2325491525423729
1.342 1.2323168316831683
2.44 1.2390431893687708
3.441 1.2409740518962076
4.541 1.2219962616822428
5.74 1.2290900243309002
6.651 1.210581550802139
9.242 1.4770013927576602
12.138000000000002 1.4510131858783495
14.920000000000002 1.639260986547085
17.428 1.7212802197802197
20.418999999999997 2.258284307692308
23.213 2.441911025145068
25.921999999999997 1.5808640610104863
28.908 1.9762621767889357
31.823 2.009621768707483
34.621 1.7193401511783015
37.23 1.7789887019834296
39.823 2.2283316412859557
42.424 1.5810954214805306
45.22 1.6292444038373688
47.735 1.3045148514851486
50.733999999999995 1.1890385383079995
53.336 1.5716571428571429
56.131 1.5865297297297298
58.932 1.6035208333333333
61.827 1.532964896489649
64.626 1.724644867785044
67.224 1.412410889292196
69.833 1.724047703180212
72.415 2.2767781036168135
75.031 1.5957416927899688
77.921 1.865743346508564
80.827 1.8979450045829516
83.822 2.010888780009799
86.71 1.809618020608675
89.424 1.6003556531284302
92.126 1.9548804998698257
95.02099999999999 1.9998129298486933
97.71000000000001 2.6287485875706214
100.62 2.325634947511006
103.61699999999999 1.8476881478143308
106.138 1.368469407450299
108.93199999999999 1.0926624596830739
111.826 0.7544450781787787
114.63900000000001 1.2541743388834474
117.237 1.2572068571428572
119.737 1.2597978723404255
122.536 1.2516088019559901
