0.05 0.9199291587602783
1.749 0.9185535055350553
3.249 0.9239108175061932
4.552 0.9251904761904761
6.054 0.9188587491215742
7.555 0.9243476669716377
8.753 0.9220751879699248
10.149 0.9143931623931624
11.763 0.9031855970346836
14.447 0.8463885158601527
17.254 0.7125238817285823
20.139000000000003 0.6982582448295137
23.07 0.5818859728506788
25.904000000000003 0.48710057568574333
28.505000000000003 0.49313732394366194
31.4 0.4889544851966416
34.312 0.4948586206896552
36.829 0.5288380007089685
39.548 1.0907436108821105
42.339 1.0910435624394965
44.94 1.0780251046025104
47.441 0.6463543939778398
50.388999999999996 0.7741885434369689
53.043000000000006 1.033050656660413
55.751000000000005 1.0271496062992125
58.548 1.0812151009657593
61.242000000000004 1.1133955623565417
64.141 1.1042385685884692
66.741 1.0928584100989425
69.262 0.9178279377571097
71.956 1.0877073474470735
74.934 1.023679313580909
77.553 0.9175192432292342
80.341 1.3315193482688392
82.932 1.3470647887323943
85.633 1.3409979035639412
88.13399999999999 1.1991185807656395
90.85400000000001 0.9188437102922491
93.65799999999999 0.9160975240975241
96.55199999999999 0.9982054170018773
99.15100000000001 1.1110823491344441
101.947 0.8979456855015331
104.662 0.888814078041316
107.55099999999999 1.014345842531273
110.227 1.0875284497444633
112.749 1.0897378069872015
115.74700000000001 1.1308385994876173
118.737 1.1283592276605299
121.537 1.1312883977900554
