0.007 6.060033333333334
0.306 6.101176470588235
0.607 6.009627408993576
1.106 6.00950884086444
1.706 5.989669724770643
2.606 5.967345370726085
5.307 5.972415224913495
8.306 5.9717653194263365
10.905 5.555321621621622
13.406 5.708423684210526
16.006 5.829090177673483
18.609 5.85641225626741
21.505 5.643583652618136
24.399 5.667188044831881
27.206 3.4449628516212156
29.905 5.845167684996605
32.407 5.824328139904611
35.11 3.9511021582733816
37.806 5.3770605326876515
40.707 6.1510987522281635
43.606 3.1902608015640275
46.312 1.5613120516499281
49.203 3.1929658641753504
51.815 5.211153601019758
54.506 5.215957066189624
57.412000000000006 3.991905190803508
60.205 3.8976416514134633
62.717 4.684199524940618
65.707 4.3585788667687595
68.215 4.154816414686825
70.904 6.201593543653705
73.899 6.23922149600581
76.705 5.878132796780684
79.307 5.8653696697659505
82.006 6.269030899830221
85.005 6.045676418752203
87.905 5.74569696969697
90.605 5.782475934028946
93.106 5.830245901639344
95.60900000000001 4.773133166527662
98.50200000000001 4.277942683236115
101.007 5.904245945945946
103.507 5.748535049102608
106.007 5.294606620936475
108.90899999999999 6.213304093567252
111.70599999999999 6.391197724039829
114.607 5.37482699554642
117.606 4.787585670647042
120.31200000000001 4.26525251022685
