0.008 6.351126637554585
0.308 6.38276923076923
0.609 6.250547884187083
1.109 6.25499746835443
2.008 6.2345519937451135
3.408 5.2869298842750165
5.908 5.055735207967194
8.409 7.142836647173489
11.006 7.103132613390929
13.907 5.689707540983606
16.507 5.059114343904568
19.009 4.062709178743961
21.71 4.527588114754098
24.399 5.42887205487623
27.307000000000002 5.171886524822694
30.009999999999998 4.5339294365455505
32.911 3.635869789599047
35.511 3.4196961394769616
38.416 2.9883613120269135
41.415 3.226824761548532
44.313 4.236288681204569
47.208 3.8470508174988955
50.001000000000005 3.7009679300291545
52.912000000000006 3.4792765957446807
55.712999999999994 3.4222065727699533
58.414 3.2900660285211956
61.114000000000004 3.226924398046809
63.614999999999995 3.1929536531066587
66.115 3.601288292457196
68.811 3.6343054003724395
71.512 3.633609984399376
74.013 3.7066135922330097
76.609 4.568061935483871
79.209 4.880749558043606
82.012 4.87131820580475
84.912 4.210010800196367
87.613 3.8793250820914373
90.61 4.005534157146188
93.512 4.353726090283091
96.511 4.405686425455478
99.507 5.812518263266713
102.00899999999999 5.817765645805593
104.80000000000001 5.947941135248773
107.707 6.0838985606579845
110.209 6.090863489788606
113.10900000000001 4.52582422563586
115.713 3.876728440820361
118.31800000000001 3.8802826918748594
121.31200000000001 4.988805567638104
