0.016 2.5426713286713287
0.721 2.5768944099378883
1.318 2.5603112128146455
1.822 2.523795379537954
3.124 2.5146616209397665
5.917 2.513123137254902
8.518 2.517067407922168
11.018 2.513746962962963
13.52 2.8763338954468805
16.516 2.956370400323494
19.113 3.029231265108783
21.713 3.0568196584756353
24.401 3.2607869134739564
27.311 2.873053361053361
29.818 2.5290681031165834
32.519 2.9202688809806245
35.116 3.558871575675151
37.811 3.588781529078632
40.511 3.5890521212121214
43.012 3.6209511017838403
45.81 3.751306666666667
48.711 3.593015270326042
51.611000000000004 3.4236270468117898
54.412000000000006 3.842246240601504
57.400999999999996 3.7743948220064727
60.114999999999995 3.364332401118658
62.715999999999994 2.9046232191573202
65.419 3.353110308182784
68.214 3.6380298253089047
71.012 3.720851063829787
73.715 3.2429587569537692
76.515 3.2395957767722474
79.417 3.311029845107669
82.314 3.3834281045751635
85.313 3.536599741490737
88.21 4.003995758218451
90.71199999999999 4.010795048143054
93.709 3.998240681576145
96.22200000000001 2.2845128849780014
99.023 2.285727970525023
101.821 2.2800796812749002
104.60400000000001 3.1635956790123454
107.315 3.160962995987517
110.114 3.163530653674381
112.61699999999999 2.893984156921916
115.315 2.9241861373250897
118.012 4.382435754189944
120.71000000000001 3.9714572679106195
123.614 3.8230880000000003
