0.165 0.30872596051793677
3.0309999999999997 0.5743608675588371
5.884 0.6501196978500872
8.773 0.5918400761542123
11.482 0.5623810752688172
14.01 0.5901355140186916
15.881 0.653013844515442
17.869 0.6544903529411765
20.147 0.9599363057324841
21.569 0.31438041594454075
24.115 0.2856797583081571
26.884999999999998 0.28198284424379233
29.591 0.3252321699544765
32.123 1.6922447058823529
35.022 1.6905780564263322
37.73 0.6982936896807721
40.667 0.30181049016546985
43.557 0.319355420090114
46.06100000000001 0.31842888086642596
48.986000000000004 0.32498500576701267
51.78 0.3300282574568289
54.354 0.3300643137254902
56.858999999999995 0.36570440602342447
59.586 0.6050725274725275
62.089 0.5986904640489545
64.69 0.6030871694417237
67.394 1.0284155477031802
69.947 1.059880810488677
72.843 1.0566122098022357
75.643 0.6090218589621745
78.587 0.5384215476699444
81.155 0.317596168389211
83.851 0.3177934842628382
86.66300000000001 0.3174440398154892
89.47300000000001 0.5630392464678179
92.172 0.7240022637238257
95.07300000000001 0.6609655172413793
98.072 0.529863524098511
101.041 0.6784432686654909
103.86699999999999 0.671476217123671
106.779 0.553668849391955
109.602 0.5375076795350768
112.191 0.5436031820308844
114.98500000000001 0.35090552441953565
117.68799999999999 0.31875
120.56899999999999 0.3228232400860744
123.49600000000001 0.5801983122362869
126.25 0.5762579075425791
129.083 0.5761128928800513
