0.01 4.179333333333333
0.419 4.190707070707071
0.811 4.1113395784543325
2.61 4.1090853054485414
4.513 4.104691289198606
7.414 4.013695090439277
10.413 3.6421776746148975
13.213999999999999 3.9366944563816073
15.908999999999999 4.31934646703441
18.812 4.0612234963725715
21.71 4.0826898332942
24.512 4.213330661322645
27.112000000000002 6.46987701317716
30.104 6.8329609609609605
32.806 7.018019247594051
35.71 7.29964561254769
38.606 7.501028665028665
41.108 4.570345631067961
43.81 4.512524257048514
46.31 4.596119339371337
49.111 4.497845644983462
51.813 4.246768780487805
54.70399999999999 3.8392845106934543
57.415000000000006 3.646064659977703
60.012 4.035598615916955
62.913 4.218899799599199
65.51 7.586977038796516
68.107 5.539460674157303
71.01 4.209246241064826
73.609 4.465597111168429
76.11 4.5740108225108225
79.104 4.199124144672532
81.809 4.360346268656716
84.408 4.815500921295077
87.31 4.522855463008329
90.014 4.255976178660049
92.613 4.50388504398827
95.61099999999999 4.480890975482525
98.512 4.141426491994178
101.21000000000001 4.31380904522613
104.00200000000001 4.873715111239526
106.51400000000001 4.4857720739219715
109.511 4.310671406805485
112.012 4.589662874870735
114.912 4.60943600867679
117.713 4.861251825804707
120.50999999999999 4.908986232790989
123.31 5.169444077961019
126.21000000000001 5.902863612969634
