0.029 1.5982505494505495
1.03 1.6122279792746115
1.931 1.607551724137931
2.733 1.6106943005181347
3.626 1.5984547677261614
4.535 1.4371975779322719
7.135999999999999 1.4741798941798943
10.127 1.5231411131059247
12.826 1.556264598540146
15.331 1.5369148623081774
18.233 1.528471640577353
21.228 1.5277735220649458
24.131 1.5512611099733769
26.814 1.5512875584658559
29.734 1.5514798619102417
32.526 1.5852492836676217
35.332 1.5257124735729388
37.841 1.5287361156753205
40.432 1.5713444180522564
43.329 1.5205843621399175
45.837 1.5293379073756432
48.631 1.5298994994994997
51.419 1.5214554027504912
54.132999999999996 1.5209656372335798
56.833 1.532382252559727
59.628 1.5257852631578945
62.431 1.5379985714285715
65.13 1.5355888607594936
67.633 1.528355066771406
70.333 1.5271992373689227
73.032 1.5275820895522387
75.533 1.5404405964405965
78.226 1.5514798112218142
80.733 1.559346553352219
83.43 1.5223382789317506
85.93 1.51850713854816
88.52600000000001 1.5250251046025105
91.428 1.5277102746693796
94.42699999999999 1.5300610397810988
97.22999999999999 1.5352889255516602
100.132 1.518372761441521
102.731 1.5207789317507419
105.41300000000001 1.5152895917931182
108.233 1.5277992156862745
110.93199999999999 1.523724329692155
113.52799999999999 1.545844946025515
116.12700000000001 1.5487859649122806
118.93 1.5397401960784314
121.632 1.5477188208616781
