0.018 2.4567702702702703
0.723 2.494268537074148
1.32 2.459024175824176
1.818 2.4918957915831665
2.426 2.5191185921958685
3.819 3.6787967853042476
5.62 2.6048615605897156
8.518 2.2379045106831974
11.418 2.709556791104051
14.012 3.2755842293906814
16.811 3.124917705735661
19.314 3.216224364592463
22.217 3.2672280961183
25.214 3.1265901751975265
28.115000000000002 3.3360765231856937
31.016 3.6960429276668814
33.71 4.016998245614035
36.311 4.078241584158416
38.913 4.343718337408314
41.61 5.715081815170586
44.399 7.340613585245165
47.21 7.13304055714871
50.209999999999994 7.218541023558083
53.209 6.9674478057094165
56.108000000000004 5.902267206477733
58.61 5.452200712204597
61.309 3.877140198260166
63.81699999999999 3.1775194360523664
66.411 4.615381621621622
69.402 4.526305882352941
72.312 5.0645727980826845
75.21 5.731426284189459
77.81 6.8471062499999995
80.408 7.014604294478528
83.109 6.988
85.81 4.623068463611859
88.616 3.365085013146363
91.318 2.118601060550006
94.209 4.547405434203516
97.01400000000001 4.043560998586906
99.816 3.7534330218068535
102.411 4.597886871875822
105.314 4.052380997851516
108.11500000000001 3.7900973526900086
110.91900000000001 3.4053685897435897
113.519 2.653484128155913
116.422 2.0431201979424403
119.40899999999999 2.2934809099374753
122.02600000000001 2.3302039821210894
