0.005 8.55534117647059
0.206 8.486489361702128
0.608 8.419865707434054
1.502 8.436393220338983
2.504 8.426626415094338
4.704 8.418970189701897
6.601 7.813617021276595
8.905 5.796069598228408
11.609 4.715730427301406
14.208 4.04513006993007
17.111 4.355755511022044
19.707 4.371002079002079
22.3 4.541547790339157
24.810000000000002 5.127607887323944
27.409 4.444097506925208
30.109 4.387226496815287
32.611 4.107065470852018
35.111 4.20523124042879
38.109 4.217903133903134
40.913 4.2434412198721105
43.51 4.3192652196929595
46.101 4.239530557584612
48.81 4.208394032678191
51.61 4.375862991704576
54.409000000000006 4.565323590814196
57.31 4.0494945900456845
60.012 4.787585311016738
62.608999999999995 4.427837215829357
65.21 4.160027283800244
67.909 4.03663324784332
70.502 4.236978446115288
73.104 5.246661374045802
75.91 4.294118569328761
78.61 4.469603713657464
81.311 4.201705962676376
84.309 4.474715366553613
87.211 4.682392682926829
90.112 4.366989323843416
93.11000000000001 4.302157258064516
95.803 4.29224
98.406 4.24350389937107
100.912 4.215284129281234
103.613 4.218544731610338
106.21000000000001 4.166349683172965
109.013 4.275553319919517
111.61000000000001 4.361089056054356
114.31299999999999 4.44829033172668
116.91 4.393500509683996
119.601 4.5549102462271644
