0.041 1.1710209339774558
1.335 1.181994301994302
2.544 1.1802278481012658
3.638 1.1797495256166983
4.848 1.1617812279463655
7.743 1.4111362126245848
9.638 1.9374485156458945
12.418 2.1736858826543686
15.415 2.7020451485148516
18.013 4.059469183786785
20.907 3.4615801104972372
23.628 4.026014262205156
26.006 5.2240055172413795
27.509 5.360131919905772
30.505 6.060896108802418
33.206 6.857771405814416
35.807 5.241062088698141
38.409 5.083645788336933
41.204 7.754608467917939
44.104 6.971245252525253
46.606 5.695701221640488
49.198 5.345947804728278
52.007 5.176827264782989
54.507 5.058026600680482
57.311 3.7662691065662
60.013999999999996 4.594066557555919
62.705 5.592268456375839
65.21 3.5871723510686673
68.207 4.907158620689655
70.809 4.205275686179257
73.7 2.7479752925877765
76.406 5.062703594578668
78.906 5.282878842676311
81.807 5.219425962910128
84.407 4.814158018252933
87.308 4.626809819260858
90.11 4.093349680170576
92.914 3.3423610894941636
95.609 5.311437461107654
98.598 6.979252032520325
101.106 4.161837651122625
103.71000000000001 2.262338899676376
106.52000000000001 2.308325265161817
109.41 3.580640580879387
111.916 4.781884669479607
114.507 5.5366752926678995
117.30699999999999 6.167106918238994
119.906 6.292005839416059
122.90100000000001 4.798855230125523
