0.024 1.6698140068886338
1.026 1.6842219215155614
1.829 1.679963963963964
2.633 1.6894782608695653
3.43 1.6763282051282051
4.332 1.663519582245431
5.935 1.7755196078431372
8.616 1.615057300590139
11.436 1.8414747638326585
14.221 2.1573042195337857
16.725 1.967177394034537
19.617 2.2871374259894046
22.42 2.1760436656133297
25.023000000000003 2.1007428426653156
27.707 2.4103586358635862
30.514000000000003 2.207220561864913
33.419 2.1199539473684212
36.123 1.8476432855280314
39.021 2.0224376759662146
41.521 2.969079951787867
44.112 2.4792603406326035
46.624 2.232500146070698
49.614000000000004 3.2675983122362866
52.307 2.3610398379473327
54.824 2.2491571696931745
57.616 2.274075933479762
60.42100000000001 2.285772823779193
63.322 1.9751142950179095
66.026 1.7923500690925842
68.927 1.8146183170618317
71.826 1.7385996516546405
74.428 1.7508883283650538
77.115 2.1410631992742664
80.02 2.9123178621659638
82.921 2.1609439015562795
85.527 2.983922059846903
88.312 2.5816520423600604
90.818 3.1968247115742465
93.811 2.8671414175344307
96.322 2.2233825433825434
99.12100000000001 2.199039385206532
102.00999999999999 2.171045803547789
104.924 1.8045405955713922
107.424 1.6068830686739535
110.33099999999999 1.5179960427384251
112.93199999999999 1.970038114343029
115.513 2.494684684684685
118.22800000000001 2.1536132315521628
120.92500000000001 2.053493356193742
