0.017 2.6395789473684212
0.619 2.6594871794871797
1.114 2.6513175355450236
1.615 2.6569572649572653
2.12 2.6130857142857145
3.415 2.6165420944558524
4.513 2.6097465309898245
5.723 2.799965676567657
8.313 2.8534772061898788
10.819 2.498000287894055
13.814 3.1335692917642817
16.421 1.549766516170644
19.317999999999998 1.6885439144003567
21.948999999999998 1.4008501436053387
24.926000000000002 1.332734793187348
27.607 2.1563094890510945
30.118000000000002 2.0443682719546743
32.621 1.9759375348577803
35.321 1.8773257305773343
38.127 1.6949633027522937
41.027 1.5519651871192341
43.745999999999995 1.025751409395973
46.366 0.7696103286384977
49.163 0.782125
51.68000000000001 0.7739169413315754
54.367999999999995 0.7725872020075283
57.071 0.7947382174521698
59.956 1.180992211838006
62.730000000000004 1.3752224774695176
65.555 0.9537554062309103
68.522 0.9792908242612752
71.456 1.1495474452554746
74.146 1.1903288521199586
76.739 1.1854505893019038
79.62 1.2917487922705313
82.418 1.24366534914361
85.131 1.4052279518072288
87.832 1.1941310432569974
90.74799999999999 1.2640097374369674
93.644 1.6086032843560933
96.321 1.95769669327252
98.916 2.5387120743034055
101.715 2.6604277673545966
104.411 3.2012226787181595
107.10499999999999 2.6740857441617285
110.013 3.165395648670427
112.61099999999999 3.0374040219378426
115.416 2.7435008103727716
118.41300000000001 2.74859437751004
