0.013 3.4383167848699765
0.514 3.438232044198895
0.911 3.463950464396285
1.312 3.4349613259668508
1.716 3.3788101694915254
4.112 3.3799915611814346
6.112 3.380363975734951
8.316 3.3005541343902
10.917 3.5950485351989503
13.611999999999998 3.7873435181143607
16.31 3.1017081698180524
19.01 3.0570003635041805
21.618000000000002 3.3236064233576643
24.607999999999997 3.974895493767977
27.336 3.5306532663316585
30.110999999999997 3.367697218422253
32.912 3.169504918032787
35.416 3.1145986813186815
38.31 4.419275167785234
41.212 3.5421539724902487
43.717 3.0632971653838936
46.616 5.6882561254491995
49.209999999999994 4.28035838150289
51.914 3.4726268846888937
54.712 3.701718154887854
57.516000000000005 4.037844162071446
60.31 4.2250229276895945
63.099999999999994 3.7625528261388026
65.912 3.667721649484536
68.613 3.4605476713971615
71.215 3.20362781883646
74.116 3.1539676945668136
77.114 3.2574971194945177
79.615 3.2849861734602266
82.315 3.388198935584511
84.815 3.3997193260654113
87.41499999999999 3.458948007590133
90.113 3.594397319291527
92.814 3.5651397743992153
95.41399999999999 3.224173235166739
98.314 3.2227123416236507
101.01599999999999 3.2635981325863677
103.917 3.1011004749725974
106.518 3.251431501831502
109.11500000000001 2.6574331717992807
111.805 2.598912338736355
114.418 2.6051901215209723
117.019 2.4488101265822784
119.92099999999999 1.821596958174905
