0.108 0.4405961829748561
2.625 0.4424600071098471
5.126 0.5307666034155598
7.869999999999999 0.7125822349570201
10.769 0.7044913793103449
12.765 0.7001469161469162
14.363 0.6944280860702151
16.282 0.6341960784313726
18.588 0.6389401165871754
20.57 0.6679711884753902
22.399 0.6309114515710205
25.301 0.576228625264976
28.186 0.6656149068322982
30.771 0.7068343980343981
33.476 0.6461407151095732
36.388 0.6133614190687362
38.889 0.6242914627514954
41.885 0.6913123262279889
44.875 0.6890566999362923
47.844 0.6668507489622811
50.733999999999995 0.6610943396226415
53.269999999999996 0.6534658385093167
55.900000000000006 0.5517105595288179
58.887 0.6772644526445265
61.672 0.6777834274952919
64.249 0.6780357142857143
66.869 0.7146974402014268
69.761 0.7600848443380089
72.759 0.8089795918367347
75.534 0.8115942818243703
78.155 0.7018049830821286
80.785 0.5172135744767323
83.715 0.4274222057185295
86.633 0.3854811320754717
89.257 0.340523142653691
92.154 0.33177178423236514
94.768 0.33445997458703935
97.679 0.4182495784148398
100.363 0.46477325815545706
103.001 0.5060851961197806
105.99600000000001 0.591872
108.69399999999999 0.5872362811791384
111.583 0.5988041237113403
114.186 0.5970099610220875
116.69900000000001 0.4766869772998805
119.6 0.5349660901538881
122.39599999999999 0.543505928853755
125.26400000000001 0.542282770463652
128.197 0.5417129071170084
