0.017 2.565093474426808
0.616 2.6038493723849374
1.221 2.549042688465032
2.416 2.5469109075770193
3.72 2.5416019464720194
5.82 2.5410245836637593
8.416 2.5400140252454415
11.313 2.6176784942918854
14.113 2.7961737704918033
16.616 3.4715593542260206
19.313 3.759276
21.414 4.108357596482658
24.111 3.8500771073840125
26.811 3.7539715405238194
29.712000000000003 3.916794921875
32.409 3.99532807424594
35.313 4.160234385646151
38.308 3.591128160418483
41.012 3.6721389003720546
43.601 3.9673101862497124
46.51 3.883432651118515
49.31100000000001 3.916273504273504
52.31 3.882903211710728
55.010000000000005 3.846765466948953
57.81100000000001 4.009699747879899
60.709999999999994 4.098770503772207
63.41 4.040629137676576
66.209 4.042117345631565
68.902 4.030425300920463
71.712 4.003033526011561
74.61 3.8230538218000905
77.112 4.09309575988566
79.912 4.21664469569401
82.609 3.984771945109998
85.312 4.0266730643402395
88.012 4.004572495914079
90.911 4.034212765957447
93.50299999999999 4.10801912960306
96.31200000000001 4.135406976744186
99.00999999999999 4.0208337236533955
101.811 3.9100435790449697
104.713 3.846075704225352
107.31 3.997980216674517
110.11099999999999 3.967996423781851
112.71000000000001 3.9469700487578363
115.61099999999999 3.9395107409031125
118.40199999999999 3.9850444500889
120.912 3.922920046349942
123.713 3.944080604534005
