0.077 0.5997558762886598
2.678 0.6039010189228531
4.879 0.6012122514777002
6.88 0.6030339476236664
9.082 0.5913776571687019
11.481 0.5679100618324903
13.391 0.5482163611980331
15.78 0.550590657165479
18.502 0.5505388127853881
20.889 0.4959180035650624
23.316 0.4681188118811881
25.949 0.5861223446733749
28.569000000000003 0.5702740576496674
31.485999999999997 0.5238193736343772
34.394 0.5287437470504954
37.197 0.6178135120044668
40.053 1.128881022615536
42.634 1.0380474655728098
45.524 1.2180767689224603
48.338 0.8089808429118774
51.093 0.9872431833910034
53.917 2.2464341637010676
56.525000000000006 1.4603741648106905
59.08 0.703213282247765
61.785 0.885370233702337
64.641 1.1359760658189977
67.441 1.0966670959433353
70.157 0.6307139440573984
73.006 2.1971722190852625
75.629 1.8961593393247511
78.322 2.0154115950389384
80.918 2.020006349206349
83.82 2.0172353276353276
86.42 1.97158581290169
89.222 1.9717626711506124
91.91900000000001 1.9972324781803756
94.82400000000001 1.91391401378405
97.61500000000001 1.6140791057609631
100.32499999999999 1.8164217891054473
102.92500000000001 1.9524301075268817
105.82 2.152178000626763
108.62 2.1415617654740142
111.519 2.140066405070933
114.42500000000001 2.05290541632983
117.023 2.0099428870840974
119.92099999999999 2.0108809828512926
122.612 1.8762958780350083
125.22399999999999 1.8260409924487595
128.022 1.8285496183206107
