0.039 0.9982210020590254
1.641 1.011080422420796
2.945 1.004359066427289
4.144 1.0092987012987014
5.449 1.0027116564417178
6.85 1.0072901296111665
7.949 1.0027473426001634
9.245 1.001290136789057
10.756 1.2960987841945288
13.635000000000002 1.5152547150259068
16.522 1.444486455331412
19.328 1.5699302673796791
22.127 1.6216673089274245
24.930999999999997 1.5317997413633846
27.927 1.5657570271557884
30.726999999999997 1.5848412017167381
33.711 1.441221021244875
36.629 1.6114878326131454
39.623 1.6844306118098487
42.42400000000001 1.794570179698883
45.120000000000005 1.6359706422018347
48.025000000000006 1.0422596835788325
50.938 1.4250106382978724
53.828 1.4566560846560848
56.626000000000005 1.6121075027995522
59.162000000000006 0.6432867429055485
62.028000000000006 0.7448607041329544
64.734 1.2887536231884058
67.538 0.856931659693166
70.058 0.8872017274690305
72.973 0.6894358164775531
75.935 1.3906225165562913
78.927 1.570324693042292
81.729 1.6083050430504304
84.622 1.6508906789413118
87.124 1.6944825986078886
89.924 1.647837242158802
92.715 1.5430941224825319
95.638 1.496360642239605
98.63 1.6096467027027026
101.332 1.541894925909295
103.93100000000001 1.4690146900752419
106.632 1.512703221676979
109.428 1.5230211102423767
112.13300000000001 1.629556499575191
114.92699999999999 1.6175647519044678
117.61699999999999 1.5990952839268529
120.33099999999999 1.5684410470233958
123.22999999999999 1.6378803418803418
