0.021 1.986896174863388
0.826 2.007483870967742
1.526 2.0051182795698925
2.132 1.9831834130781498
2.82 1.9901613394216133
3.525 1.964379424256725
5.728 1.9950757367116496
8.421 2.0223828367103693
11.223 2.4453992831541216
14.116 2.4419185036740148
16.718 2.4522348336594915
19.423 2.368320103259116
22.124 2.3058776255707762
25.028 1.709967415962054
27.613 1.8102583310382816
30.325000000000003 1.8787484100737726
33.324 0.8881019751952227
36.134 1.8117391971362822
39.123 1.8728760369755866
41.921 1.60235039028621
44.628 2.031567074907434
47.221000000000004 2.2886636717580116
50.114999999999995 2.285775678866588
52.80800000000001 1.8855217039633323
55.625 1.5069872036920495
58.584999999999994 0.7447061241265928
61.467 0.9426279960599759
64.226 2.2977777777777777
67.225 2.284089219330855
69.828 2.193062286105407
72.418 2.116482374768089
75.12 2.0525870967741935
78.113 1.1296260370134015
80.934 1.6621778045354203
83.524 2.099347314578005
86.519 2.233521443359953
89.02199999999999 2.2542311557788945
91.71799999999999 2.4058622236462672
94.418 2.405466578424884
97.018 1.9689542449087545
99.92599999999999 1.9604910077076791
102.714 1.8262895322939867
105.327 1.7958561296859168
108.326 1.841156899810964
111.118 2.2990566376985315
114.02600000000001 2.016558521560575
117.023 1.987986838169309
119.91999999999999 2.1192363067292646
122.72 2.2006430868167204
