0.045 1.0100055555555556
1.544 1.0235526315789474
2.843 1.0199234275296263
4.048 1.0142381729200654
5.348 0.9898077214231642
6.742 0.9973464955577492
7.865 0.9301470491262775
10.573 1.2702344662374607
13.329 1.9560389908256879
15.91 3.7901005702436494
18.414 2.233675579322638
21.317 2.419856247939334
23.922 1.8602180746561885
26.628999999999998 1.4190710251583092
29.542 3.2032397660818717
32.4 4.633224592220828
35.107 3.743268151016457
37.714 2.395440162271805
40.216 3.3368513513513514
43.211 2.531702637889688
45.722 1.2190791317723464
48.616 2.7627794649313087
51.418 2.5274830287206265
54.016999999999996 2.8886410574142913
56.522999999999996 2.1621950315165
59.230000000000004 1.6173867281283012
62.223 2.267717746182201
65.122 2.5560792246101984
68.121 2.286918601234205
70.627 2.0366522306287504
73.526 1.7743605891315388
76.027 2.634790890269151
79.016 2.850441223832528
81.615 2.4475862884160757
84.308 2.084420518029457
86.819 3.303384076990376
89.715 2.2524897643877946
92.426 1.402970104633782
95.338 1.7160812086874409
98.125 1.5978999785361665
100.856 0.9514546965918537
103.648 1.3363820078226858
106.333 1.5738157602663707
109.11000000000001 0.7990745564557482
111.939 1.10599306999307
114.46700000000001 0.8482584814216478
117.245 1.1048911138923654
120.24100000000001 1.1563994477680626
123.03899999999999 1.253140758873929
