0.032 1.4258901960784314
1.137 1.4405555555555556
2.129 1.4381182519280205
3.035 1.4375213872832369
4.028 1.4274410480349344
5.038 1.4181155122814781
7.630000000000001 1.3068951831138371
10.239 1.0702530591648796
12.739 1.1728836169847
15.635000000000002 1.3721824907521578
18.537 1.3704347826086958
21.118 1.3592861806311207
23.645000000000003 1.3328193186718413
26.539 1.1138692307692308
29.255000000000003 1.114648334214701
32.135 1.2042002282732758
34.836 1.2047970088798878
37.342 1.1841096256684491
39.942 1.213773271889401
42.537000000000006 1.2304428904428906
45.316 1.2857981651376147
47.93300000000001 1.2856374745417516
50.538 1.2696777251184834
53.135000000000005 1.305982905982906
55.837999999999994 1.3523832785345233
58.537000000000006 1.2951179413867049
61.224999999999994 1.6547150816522573
64.029 1.98480890052356
66.616 2.2395349640287767
69.217 1.9703402322059567
71.72 2.251105670103093
74.417 2.2510683962264153
76.919 2.057087739686229
79.608 1.912848036951501
82.523 1.911608756404285
85.423 1.7689238697587257
88.326 1.6127477876106195
91.037 1.2402867525602908
93.73400000000001 1.7643980582524272
96.41999999999999 2.4602167878387307
99.01400000000001 2.4774891774891774
101.821 1.6097447978013348
104.71199999999999 2.472982211370771
107.61500000000001 2.5347351984385167
110.315 2.53786040357261
112.917 2.5450314220926464
115.618 2.687359482410028
118.214 2.681568316831683
120.81299999999999 2.6884399551066216
