0.017 2.5605774647887323
0.721 2.6038493723849374
1.316 2.57208275862069
1.817 2.606825995807128
2.435 2.534523235800344
5.225 2.5370007917656374
7.8149999999999995 2.5743141435678747
10.715 2.4548310185185187
13.218 2.3293492659610786
15.719999999999999 2.2495704615384615
18.514 2.2409991058122203
21.415 2.337396178343949
24.116 2.8401979752530933
27.103 2.937170386114063
30.014000000000003 3.045898053753475
32.714 2.3916321243523315
35.419 2.325193024654239
38.317 2.5635716353111433
41.22 2.7228339076498966
44.213 2.9955573571139036
46.819 3.006851667587986
49.813 3.0113718436527153
52.714 3.013232960325534
55.215 3.01374861776631
57.715999999999994 3.0277466251298026
60.614000000000004 3.0411426507764534
63.214 3.0512185957650053
66.114 3.0867509293680295
68.814 3.0870226100753673
71.414 3.077054789121009
74.014 3.078163876651982
76.914 3.080122630092779
79.512 3.0323323340471093
82.417 3.028384643510055
85.215 2.948436781609195
88.115 2.782437730287399
91.102 2.779645376549094
93.814 2.7840919540229883
96.618 2.778024410089504
99.31899999999999 2.7616149268135755
102.12100000000001 2.530821905476369
104.918 2.680866390550698
107.518 2.561941442801087
110.226 2.203556561085973
112.82499999999999 2.2103002016709885
115.60900000000001 2.37141925747057
118.52099999999999 2.3735142857142857
121.41900000000001 2.369954497724886
124.32 2.3752107089737233
