0.029 1.5723329729729731
1.03 1.5855286624203822
1.923 1.5803050847457627
2.73 1.5840203821656051
3.63 1.5887436208991494
4.533 1.4595091164095373
7.053 1.2160684908510995
9.627 1.0732316255534473
12.129000000000001 0.7512292446597666
14.905000000000001 0.50698861047836
17.795 0.5322326454033771
20.722 1.3218878306878308
23.232 1.3216526207605344
25.842 1.3433598763046
28.534 1.4251966173361523
31.531 1.5354884696016773
34.095 0.7718926040523006
36.724 1.6520662159011423
39.622 1.7481557522123894
42.221 1.8756446700507616
44.723 1.9472650832650833
47.521 1.8422970106075218
50.224999999999994 1.783147133317983
53.128 1.6999027710257657
55.827 1.9607212020033389
58.331999999999994 1.907733614108976
61.224000000000004 1.8788813263525306
63.922 1.8784688758129453
66.725 1.8848108500847665
69.42 1.8956988829528898
72.124 1.9013420408163264
74.923 1.8240860009555662
77.727 1.8071710056151098
80.414 1.8207588480984833
83.025 1.8883018173452957
85.55699999999999 1.01868825037097
88.525 1.7317105263157893
91.226 1.710496551724138
93.92699999999999 1.7668511383537653
96.733 1.7622977127859016
99.52699999999999 1.715184815184815
102.126 1.6841322653522284
104.81299999999999 1.8896695095948828
107.631 1.948918459229615
110.225 1.9491747967479676
113.22 1.818637037037037
116.12299999999999 1.8689088863892014
118.72 1.970593713620489
121.22200000000001 1.931774193548387
