0.015 3.1686448801742917
0.514 3.1832225063938617
1.016 3.135749720670391
2.013 3.1334483195941663
3.718 3.1282824637112596
6.315 3.1230331384015595
8.415 3.7788836724047994
10.41 3.4670600735594608
12.912 3.7861620421753606
14.814 2.883617148554337
17.412 3.187566636113657
19.918 1.177761781387858
22.508000000000003 2.018872068230277
25.320999999999998 2.05136862939139
27.921999999999997 2.7172583712277802
30.915999999999997 3.1536189451022607
33.908 3.144496732026144
36.408 3.141083051991897
39.014 3.0579195046439627
41.716 2.7139331619537272
44.517 2.709013292821876
47.405 2.707954642097803
50.318 2.9569331806032837
53.012 3.5644240570846075
55.513000000000005 3.500964578747248
58.117000000000004 2.786079073614557
60.712999999999994 1.38824367982615
63.614000000000004 3.7418729179518815
66.313 2.8176625633598844
69.118 2.370631035529912
71.708 2.082692101341282
74.619 2.3913636078922647
77.412 2.6963046458492004
80.117 2.933982288345731
83.008 4.439398593834505
85.911 4.452556603773585
88.709 4.627372100030129
91.608 4.713233470507545
94.313 4.540148936170213
97.11699999999999 3.0774260620182825
99.81800000000001 2.615588153202047
102.32300000000001 1.9213465259454705
105.031 1.848273868914502
107.924 1.8145728924080113
110.82 2.2039505889112325
113.418 2.2680461893764434
116.018 2.371820128479657
118.91399999999999 3.7679243183082916
121.811 3.769315499606609
