0.059 0.809353366722315
1.971 0.8156225425950197
3.662 0.8072554112554112
5.167 0.8143130320890636
6.858 0.8036484326982175
8.56 0.8141112006446414
9.976 0.812158940397351
11.576 1.3900222575516694
14.227 1.7561554697554698
16.728 1.5130596026490066
19.652 0.9844902448605474
22.454 0.8670317779090373
25.055999999999997 0.8807999999999999
27.654000000000003 0.8770780487804879
30.462000000000003 0.8856980237154151
33.351 0.8844956035171863
36.254 0.872362647325476
39.16 0.7782222222222221
41.665 2.4160595681310495
44.608 2.613168316831683
47.518 2.2234513715710724
50.317 1.6451771797631862
53.035 1.9496998992950656
55.632999999999996 1.2984404010397328
58.626999999999995 1.5060394129979036
61.537000000000006 1.2827398230088496
64.341 1.0584726557699398
67.236 0.7146902321197125
69.854 0.9754805715718226
72.454 1.0152294043092522
75.248 1.0428471615720523
78.146 1.0421042183622828
80.948 1.0421528707291299
83.841 1.1038422459893047
86.442 1.101133836650652
88.943 0.9879228948258371
91.55099999999999 0.8709772804340454
94.332 0.8704544086668673
97.251 1.0507834634287367
100.245 1.1339856816450877
102.94200000000001 1.1589635220125785
105.44200000000001 1.1486333084391338
108.244 1.1783347182981552
110.832 1.2547143317230274
113.65 1.0867878787878789
116.64099999999999 1.0901148788927335
119.14099999999999 1.4085224071702944
122.02699999999999 1.6139148211243612
124.726 1.6186814229249011
