0.006 7.614701570680629
0.306 7.635828220858896
0.507 7.501490968801314
1.206 7.534088669950739
1.706 7.493532281205165
2.51 2.7496902106567536
5.212 3.799313229143738
7.808999999999999 4.7625100077982845
10.707999999999998 1.919877641564507
13.323 4.617777541245343
16.106 5.415190283400809
18.908 4.364197197716658
21.804000000000002 4.20649785816278
24.802 3.4751828942344405
27.615000000000002 3.1340480562609887
30.317999999999998 3.8371437887186177
33.01 4.48584222737819
35.81 4.448030131826742
38.513 3.4793764861294587
41.314 3.269929203539823
44.112 4.8638402384500745
47.007999999999996 3.288959576879486
49.602999999999994 2.435194299808167
52.513000000000005 4.555960912052117
55.3 5.337153046062407
58.211 2.842149019607843
60.819 2.5833209358128375
63.712999999999994 4.2327815771109565
66.71 3.640356427201023
69.517 3.685995316159251
72.312 4.2391033099297895
75.102 4.602950977765873
77.909 4.836807947019867
80.612 3.8392629590766
83.413 3.6740887562189055
86.016 3.911421664766249
89.009 5.705144130757801
91.80600000000001 4.528132841328413
94.71100000000001 3.855230352303523
97.709 6.140543633762518
100.30199999999999 5.683264150943396
102.80799999999999 5.4140545229244115
105.607 4.553493562231759
108.40899999999999 4.153677117454375
111.31299999999999 3.8218525179856115
114.31200000000001 5.321897542197217
117.30799999999999 4.722793497892836
120.21000000000001 4.035602996254682
123.11699999999999 3.367370522607164
