0.018 2.1170422125181947
0.824 2.1496373056994815
1.522 2.1475163147792706
2.122 2.129205479452055
2.825 2.133011419249592
3.523 2.0467786649632704
6.235 2.1362783839575346
9.216 3.0063416017009215
12.115 1.4143167495854063
15.079999999999998 0.92804061944656
18.049 1.3843770944577425
20.619 2.6727691187181355
23.42 2.8433963963963964
26.403 2.209334399147349
29.225 1.5509787635677206
32.051 1.0790999415546465
35.049 1.2226378653113088
38.038 1.0965468577728776
40.86 1.245708160779537
43.524 1.0766375291375292
46.05800000000001 2.1121800414569143
49.016999999999996 3.022882911392405
51.806 3.8740410205102553
54.408 3.300330344502124
57.117000000000004 1.9692456140350878
59.825 1.6733964442392057
62.733999999999995 1.3914042003231017
65.527 1.5324850934815564
68.134 1.2159974999999998
71.124 1.6209485049833885
74.041 1.0468062921348313
76.862 0.9031569892473118
79.851 1.4935244825845533
82.425 1.747458201058201
84.931 1.536
87.629 1.519920915712799
90.131 1.3721637647058824
92.95599999999999 1.0188189959294436
95.935 2.0362240896358546
98.62 1.5496702747710243
101.53200000000001 1.2772177794309094
104.531 0.8183672654690619
107.202 0.5558277511961722
109.989 0.6072669603524229
112.84 1.2016187050359712
115.543 1.2046208842897461
118.237 1.1887001795332137
121.036 0.7050662177328844
123.77000000000001 0.70608
