0.053 0.8672677400119261
1.855 0.8740449438202247
3.363 0.8727425897035881
4.757 0.8732134831460675
6.251 0.8670663129973475
7.857 0.8732169403630078
9.154 0.8697588652482269
10.676 1.1964748546014368
13.244 2.246514323345407
15.817 2.636532275513884
18.714 1.886239839438033
21.324 1.554304108428632
24.144 1.5800600750938671
27.023000000000003 1.233690224668948
29.819000000000003 2.212402558061259
32.412 3.4575655430711607
35.305 2.615350693270206
37.82 1.9987904090267983
40.424 1.788111337406653
43.423 1.9545199682623644
46.321 1.899555792276964
49.131 1.2878072126727333
51.64 1.1083738371260914
54.239999999999995 1.4023260477240826
56.821 2.3607650345054223
59.601 3.0438807223855524
62.114999999999995 2.335989151071332
64.92 1.988061619141265
67.523 1.5208880203244088
70.294 1.0324676630075387
72.921 2.066065050266115
75.918 1.779036346691519
78.82 1.6048268359020852
81.339 1.913731977818854
83.909 1.9599923591212989
86.72300000000001 1.9604195223260645
89.62200000000001 1.2300561063066864
92.451 1.0693101680432926
95.017 3.1331428571428575
98.013 3.131703406813627
100.614 3.1339319727891155
103.114 3.1814110353378795
105.814 3.5664185110663986
108.60300000000001 3.8534995054401584
111.21100000000001 3.294097037355088
114.11500000000001 2.4613132832080202
116.922 2.449893816364772
119.91900000000001 1.3816393652828978
122.548 1.4836791576339423
