0.017 2.1325630498533723
0.818 2.1570883882149046
1.521 2.151646153846154
2.121 2.1513079584775086
2.829 2.1173556270096463
4.423 2.1052772667542707
7.017 2.6496415508412583
9.809 7.370891398783667
11.505 5.5180375838926174
14.118 1.7949532478278858
16.92 2.229040023717759
19.422 2.9381200960768616
22.05 1.5873445096395642
24.598999999999997 4.125190049751243
27.209000000000003 3.1451072338757107
29.948999999999998 1.3024630512064141
32.712 3.3248460877042136
35.623 2.211
38.324 1.8755433183004984
41.128 1.6601798816568047
43.926 1.5544374057315233
46.539 1.046158273381295
49.25 1.0231775938892425
52.045 2.8708538587848933
55.016999999999996 1.889978426729808
57.92700000000001 1.836199645300228
60.915000000000006 3.0188545390816683
63.82599999999999 2.15396875
66.711 4.005344312918168
69.212 4.00127524346489
72.21 3.998473036896878
75.012 3.280415425735013
77.817 2.9770027173913043
80.814 2.9794931596091208
83.516 6.982714069591528
86.204 7.072818144329897
88.707 7.510145721271394
91.306 8.409072931962799
94.097 8.396930644367929
96.71100000000001 6.8538762475049895
99.309 6.02426
102.20500000000001 6.028481545360469
104.708 6.850453591606134
107.30600000000001 7.287691297208538
109.809 7.616308243727599
112.606 8.892651162790699
115.20500000000001 8.883986409966024
118.197 9.180029818956337
121.107 9.447499176276771
