0.015 2.7236104868913857
0.627 2.6890517051705167
2.52 2.6832892625143296
5.215 2.8827057915057916
7.912 3.8992625916870414
10.005 3.8420047961630694
11.707 5.072913165266106
13.206 5.266229671011794
14.905 3.9053600457927877
16.713 3.4814780952380953
18.909 3.6339062348960853
21.015 3.1228399554400297
23.516 2.988284699915469
26.512999999999998 5.120396061884669
29.106 5.198701231367466
31.810000000000002 4.783295555555555
34.508 5.855982097186701
37.206 6.842232558139536
40.205 7.072375796178344
42.997 8.267288931480595
45.705 9.356756880733945
48.503 9.754482913165266
51.404 8.93516742081448
54.005 8.661334745762712
56.505 9.350251202565472
59.404 9.39835267857143
62.306 8.96804117922321
65.005 7.167825533848251
67.998 7.389403721332757
70.907 6.7894588235294115
73.507 4.9402524839275275
76.008 7.210581619806966
79.005 7.4972591958939265
81.906 7.6161898417985014
84.904 7.1420874274661506
87.605 2.239694959519457
90.318 1.2549638829874163
92.838 1.8841561745996929
95.537 1.6573747572815534
98.40799999999999 5.0931355680806885
101.31700000000001 3.9614673555659934
104.21100000000001 5.617668916747027
106.90700000000001 6.6284357672784076
109.507 4.328899292855401
112.21100000000001 5.157645631067961
115.11000000000001 6.899058733205375
117.999 7.724825209256523
120.607 7.48592965696917
123.506 6.130018172100481
