0.035 1.246279348757498
1.335 1.2546774193548387
2.433 1.252918253079507
3.432 1.253483870967742
4.541 1.246459485224023
5.746 1.4587898930116094
8.726 2.222122699386503
11.519 2.0865459911460893
14.125 0.6325481179306508
17.124 0.48195755738414897
20.092 0.530987365465606
23.075000000000003 0.4043975396568469
25.811999999999998 0.3594097261039687
28.694000000000003 0.45926681643980444
31.427 0.4430241202056148
34.122 0.41960712931361394
36.933 0.41900437956204384
39.817 0.3875612737214539
42.689 0.2785414736842105
45.650000000000006 0.341633222188542
48.266000000000005 0.7781418877236274
50.949 0.982487159533074
53.846000000000004 0.5092877669902913
56.623000000000005 0.4193571972581873
59.425 0.4070846047156727
62.016999999999996 0.4063028703398218
64.726 0.45556346128126257
67.459 0.347359375
70.262 0.41571041948579157
73.042 0.5192648083623693
76.011 0.4489650634497885
78.658 0.40703812913065585
81.2 0.5306814200092208
83.999 0.4273122008021736
86.954 0.4532777251184834
89.80099999999999 0.49034572633192797
92.602 0.457973031752936
95.137 0.4228849104859335
98.11699999999999 0.46924279069767444
100.701 0.5383257065948855
103.588 0.32333897842119635
106.482 0.49497553516819576
109.30199999999999 0.3757050452781371
112.144 0.3977195614541258
114.834 0.42520379094385635
117.541 0.3618287651879062
120.24700000000001 0.36914630872483223
123.076 0.3726860739575138
125.851 0.30706324786324785
