0.029 1.5723329729729731
1.03 1.5855286624203822
1.939 1.5736371308016879
2.728 1.5860408163265307
3.628 1.577244873341375
4.535 1.5555007473841553
7.333 1.2563510232396808
10.238 1.224580831408776
13.234000000000002 1.2077649141440963
16.036 1.2322777684139559
18.536 1.2299283494192705
21.417 1.2127999999999999
24.037999999999997 1.212033930254477
26.740000000000002 1.2077313182199831
29.551000000000002 1.254173023255814
32.343 1.2146973684210527
35.042 1.196965175669401
37.64 1.189876070528967
40.236 1.1981294920394239
42.935 1.272063205417607
45.617999999999995 1.2689818913480886
48.236999999999995 1.2612347652347653
51.015 1.245573033707865
53.739999999999995 1.197387897257292
56.637 1.1990999833082958
59.236000000000004 1.185972835869743
61.935 1.2769150481838398
64.841 1.1844514743214216
67.541 1.208257102934327
70.223 1.2523445378151261
72.734 1.2444347826086957
75.334 1.2461958456973294
77.932 1.230728785357737
80.434 1.2027297887836854
83.24 1.1717984296930763
85.835 1.2367402554864069
88.536 1.2350055061414655
91.33699999999999 1.2040885182809493
94.13999999999999 1.2295872801082544
97.137 1.2383157894736843
99.745 1.1448201160541587
102.34299999999999 1.124283625730994
105.142 1.247064935064935
108.13999999999999 1.2919115696389094
110.941 1.2154550063371357
113.84100000000001 1.2092522702785902
116.435 1.2291178102459774
118.93700000000001 1.262296793437733
121.43700000000001 1.3039738704409363
