0.033 1.246279348757498
1.334 1.2572121212121212
2.441 1.2515167785234897
3.432 1.2547487386478307
4.54 1.2323619227144205
5.741 0.7483792592592592
7.342 0.6680407293393322
10.15 1.207156516789983
12.734000000000002 1.2152946205913786
15.434000000000001 1.2138641872820854
18.042 1.2309351669941062
20.737000000000002 1.2137297833636516
23.342 1.225898951382269
26.04 1.2389388458225667
29.024 1.2414696132596685
31.840000000000003 1.2051468531468532
34.839 1.2247127704709375
37.834 1.2225175983436851
40.737 1.2041548308442547
43.43600000000001 1.2269699485306325
46.036 1.2116242568370987
48.542 1.2127723342939483
51.143 1.2221957129543337
53.834999999999994 1.223591111111111
56.334999999999994 1.2189771380186283
59.333 1.2243450221684804
61.93899999999999 1.2120450323670138
64.643 1.205161136499106
67.244 1.198027093596059
69.839 1.2146394896530261
72.341 1.2086065259117083
74.942 1.2102824207492795
77.723 1.2017351746547522
80.235 1.218257469568425
83.221 1.1918757078553797
85.736 1.2032402804333973
88.63900000000001 1.2086416580310881
91.542 1.2101041095890412
94.33500000000001 1.2089339763845002
96.936 1.2108254288597378
99.536 1.2190978372811534
102.136 1.2078880597014925
104.846 1.2032109943411478
107.439 1.210720994475138
109.94200000000001 1.2187460862924782
112.63999999999999 1.2112387543252596
115.34299999999999 1.2006937669376694
117.936 1.2050115678946431
120.64099999999999 1.2271516393442623
