0.013 3.2464464285714283
0.517 3.249712793733681
1.013 3.1964646924829156
2.013 3.202973821989529
3.013 3.2028093385214005
4.115 3.189877551020408
6.213 3.17051432770022
8.714 3.1032140921409215
11.712 3.3703119491699116
14.710999999999999 2.919025735912532
17.213 3.3076233593304165
20.012 3.5802068292682927
22.612000000000002 3.5780859707132735
25.502000000000002 3.907460885956645
28.207 3.938315158777711
30.908 3.932566560170394
33.409 4.025815720978657
35.91 4.033316034271726
38.61 4.031270251872022
41.11 4.026565227537923
44.01 3.878817209412883
46.809 3.4949321557607385
49.41 4.040020004546488
51.91 3.9613856589147285
54.608999999999995 3.923372953577035
57.3 3.82161288858634
59.812 3.8615160185371753
62.809 4.022535441101478
65.311 4.021882242110221
68.111 4.02537084398977
71.011 4.0136619183285855
73.811 4.004384991843393
76.711 4.045370874682668
79.611 4.0402137809187275
82.403 4.02404010462075
85.11 3.8267701918786257
87.71199999999999 3.7106180236772164
90.41 3.947549632352941
93.31200000000001 3.9978829039812647
96.11099999999999 4.004889199906694
99.00999999999999 4.002830564784053
101.809 3.997385178408051
104.71199999999999 3.97178848853533
107.30199999999999 3.9485800711743773
109.912 4.011231713072204
112.713 3.971723314917127
115.31200000000001 3.781422029404676
118.01599999999999 3.8062398884239887
120.91 4.091204099060632
