0.088 0.5006567986230637
2.71 0.5041069258809234
5.3 0.5042163136547995
8.212 0.5030161812297734
10.901 0.499822629969419
13.71 0.7494896142433235
15.152 1.0011102040816326
16.426 1.9451636363636364
17.228 1.8262170179547228
19.918 1.802984956843403
22.528 0.9860396065573771
25.227 0.6630611618032343
28.033 0.4042653253693807
30.926000000000002 0.43934270006108733
33.916 0.4727459915611814
36.507 0.5163341110592626
39.314 0.7240150489089541
41.92 2.23964312267658
44.523 0.9407851551174253
47.096 0.6905934024857491
49.634 0.8889133192389006
52.147000000000006 0.8972963752665245
54.649 1.0056871165644172
57.548 0.7465798045602606
60.05500000000001 0.4617841218925421
63.022999999999996 0.4233588850174216
65.927 0.4526307931570762
68.801 0.503533408833522
71.657 0.8121877065432915
74.432 0.893727136431784
77.347 1.0256778811739442
80.249 0.8878780149708899
82.922 2.1672776247321703
85.818 1.0092155477031801
88.665 0.7725598117647059
91.42099999999999 1.3509102428722282
93.95599999999999 0.9766975881261595
96.648 0.9793563672260612
99.249 0.6124273573452045
101.936 0.6507266291900895
104.82499999999999 1.797222366710013
107.41999999999999 1.95428208386277
110.162 1.0444961697112551
113.088 0.49857793703608905
115.857 0.9285615010423905
118.453 0.5308922056384743
121.018 0.4459083907580057
123.62100000000001 0.44310944808231995
126.44300000000001 0.3937571240683911
