0.02 1.898704960835509
0.919 1.9177812018489986
1.625 1.9191355060034305
2.323 1.9189135802469137
3.028 1.8857319587628865
4.83 1.8800903342366757
7.127 3.8046848739495798
9.106 4.558783449758194
11.007 3.0428852701702445
13.510000000000002 3.832510600706714
16.111 2.116122185712547
18.922 1.581090909090909
21.631 1.5970499683744466
24.427999999999997 1.6717
27.213 1.6189773399014777
29.823999999999998 1.4827062838787393
32.429 1.517580847723705
35.122 1.6794766532353638
37.924 1.647896558915537
40.82899999999999 1.601308775731311
43.527 1.6688890968647636
46.426 1.5544849471114728
48.929 1.5039174311926606
51.429 1.5168484848484847
54.227000000000004 1.509038560411311
57.126000000000005 1.6827211516136522
60.024 1.6259754578063055
62.928 1.5584727646454264
65.927 1.414464558342421
68.54 1.4832772183165497
71.423 1.6581471286188894
74.229 1.65130276816609
76.923 1.590050752301819
79.423 1.7139055526725482
81.926 1.7131361452215697
84.426 1.6871489961253963
87.328 1.7233144208037825
90.327 1.7213883539660706
93.32499999999999 1.7168918280585734
96.12899999999999 1.686591753511554
99.124 1.680763582966226
101.833 1.520215053763441
104.82900000000001 1.6761323877068557
107.62799999999999 1.6348669744020141
110.21100000000001 1.6474021902512348
112.92500000000001 1.664867980504344
115.727 1.5383888888888888
118.62700000000001 1.4825109144542774
121.42699999999999 1.7265025295109613
