0.011 4.179333333333333
0.411 4.162675585284281
0.812 4.1272
1.611 4.111344086021505
2.412 4.1039588265568705
4.408 4.09486517571885
6.008 4.101993204983012
7.81 4.122398445092323
9.909 4.531207495177735
12.608 4.557144957983193
15.509 4.45507968229567
18.508 4.863972238288028
21.008 5.271608708619147
23.908 5.34282594658057
26.409 4.4901181080324655
29.006999999999998 4.489015641293014
31.601 3.3971646884272997
34.116 3.6219160255001097
36.713 3.9488348521893752
39.313 4.885003397508493
41.906 5.494338047138047
44.905 5.836993630573248
47.506 5.8789440952696
50.107 5.150425196850394
52.807 5.145388235294117
55.501000000000005 4.48637400106553
58.309 4.332964955912276
60.81 4.4730320385596825
63.408 4.763434309623431
66.109 4.787920353982301
68.807 4.950378916544656
71.307 4.946118595279216
73.808 5.229293556085919
76.708 5.266001151410478
79.4 5.268920091324201
82.008 5.316672039677619
84.808 5.4461872340425534
87.709 4.6990525164113786
90.41 4.876023993144816
93.009 4.964997108155003
96.00800000000001 5.130148418491484
98.90899999999999 5.229374027528427
101.80699999999999 5.652821844821845
104.6 6.153489081455806
107.113 3.712513649268399
109.81299999999999 5.784373350498873
112.506 6.564485355648536
115.006 6.31505347985348
117.80699999999999 6.333110988404196
