0.008 4.880563758389262
0.409 4.919525691699605
0.709 4.805643835616438
1.407 4.809496855345912
2.11 4.797829121540313
3.81 4.789700894233734
6.608 4.790530113794061
9.307 4.786148380355277
12.208 4.7635434530706835
15.207999999999998 4.62392965627498
18.008 4.810007192254495
20.707 4.844359447004608
23.207 4.817580812210411
26.1 4.806709268550304
29.008000000000003 4.811995200959808
31.909999999999997 4.8019698828778585
34.608 4.800186582809224
37.511 4.784
40.509 4.778323830016137
43.308 4.703880043620502
46.009 4.654359383913292
48.608 4.671787496646096
51.601 4.7633470919324585
54.407 4.767521865889213
56.909000000000006 4.702774193548387
59.708 4.701800111669459
62.408 4.781612774451098
65.008 4.78797693474962
67.908 4.776758601398601
70.608 4.776033103448276
73.308 4.785039343334277
76.1 4.787633324045695
78.808 4.807622600109709
81.509 4.821847127042699
84.408 4.80288657648283
87.307 4.772282693377853
90.009 4.777060031104199
92.809 4.789444103707834
95.508 4.792521055586749
98.108 4.754627527000831
100.999 4.7515290140845075
103.607 4.347404975124379
106.21100000000001 4.271621540010066
108.809 4.614716922277099
111.708 4.825319330116378
114.30799999999999 4.823415995705851
117.108 4.82296956655395
119.90899999999999 4.817014808605756
122.608 4.77886
