0.059 0.695888995215311
2.269 0.7016009019165728
4.166 0.6997223264540338
5.869 0.7041087202718007
7.781 0.6984700854700855
9.776 0.8377379767827529
11.054 0.739216395418927
12.897 0.48799719298245614
15.486 0.3072579001019368
18.187 0.6929265255292653
20.971 0.8691971701015072
23.876 0.6281602191030469
26.668 0.4083734518894887
29.575000000000003 0.30768085561497327
32.491 0.29476664035780054
35.075 0.3162343526721921
37.764 0.31316748499727226
40.665 0.31550877192982457
43.267 0.4594036528387371
46.010999999999996 0.381920704845815
48.81999999999999 0.3147911155477914
51.565 0.3062081008974048
54.465999999999994 0.341159209157128
57.05200000000001 0.5587174023338407
59.655 0.913643579766537
62.559 0.3332528798683489
65.38 0.345819391634981
68.192 0.5781794538361509
70.878 0.3267322520606222
73.51 0.41847385047385044
76.45 0.9307967479674797
79.058 0.293547064305685
81.595 0.32915298827566486
84.335 0.34849466950959485
87.307 0.2917088247254982
89.90199999999999 0.5533356401384083
92.465 0.2729082426127527
95.10300000000001 0.3851273291925466
97.93700000000001 0.6007454450806871
100.477 0.3684356949192502
103.07400000000001 0.6405541125541125
105.57499999999999 0.7590011723329426
108.358 0.347288490284006
111.029 0.27647332531087043
113.793 0.30639761522586567
116.35300000000001 0.9450273062730628
119.34899999999999 0.5147568513119534
121.946 0.26778090366581414
124.607 0.36961316872427985
