0.011 4.155451428571428
0.416 4.204864864864865
0.813 4.121139500734214
1.614 4.116877523553163
2.415 4.1093564122738
3.714 4.100104926423544
5.314 4.151101491101491
8.013 4.044453863134658
10.614 3.7671825887743413
13.514 3.8114667252361083
16.114 3.529877385302477
18.616 3.231434390009606
21.415999999999997 2.864781847649919
24.404000000000003 3.699969656403391
27.213 3.9178438661710038
29.811999999999998 2.962438828720417
32.429 1.7102149491375498
35.025 3.483634218289086
37.614 3.817228985507246
40.213 2.94584804507427
43.124 3.16489216446858
45.813 3.434948115999211
48.513000000000005 2.2860879855930025
51.419 3.007913978494624
54.324 1.9024915254237287
57.224999999999994 2.1525037125037123
60.217 2.536157832744405
63.212 4.081814266487214
65.809 3.6180306834030684
68.516 3.903244
71.112 3.6169328198545143
73.916 3.724060684872128
76.61 3.7438257155061936
79.416 3.5647092751363987
82.116 3.809015060862389
85.015 3.624595097210482
87.814 2.6177344469064256
90.733 2.011443156539047
93.31700000000001 2.3806836935166995
95.91900000000001 2.32716974054392
98.719 1.7412778904665316
101.232 1.9589202102245582
104.01499999999999 3.660320082601962
106.51599999999999 3.498776829815896
109.31700000000001 3.4746159420289855
112.11699999999999 3.4233167755991287
115.012 3.6157997823721435
117.60499999999999 3.5958364312267657
120.517 3.139683547768957
