0.02 1.8527490445859873
0.929 2.3000947791164656
3.51 4.387413153456998
6.4079999999999995 4.331284900284901
9.312 4.360911258278145
12.11 3.494141990724224
15.013 3.1456312659303314
17.619 2.8195068128946494
20.209 3.874312322544009
23.012 3.8338248557944414
25.51 3.78768362720403
27.613 4.732059316569955
29.207 5.509882793017456
32.007 3.7354828647650318
34.909 3.871426640926641
37.61 4.250768699086645
40.209 2.9663987044534417
43.017 3.528827586206897
45.81 3.822247848537005
48.512 4.254952404438964
51.3 5.067759006211181
54.108000000000004 4.986183276059564
56.709 5.139400809716599
59.209999999999994 5.9377632534495275
62.007999999999996 4.893516083916084
64.708 4.895886046511627
67.707 5.060655928175337
70.607 5.267573956594324
73.206 5.7498020202020195
75.9 6.089736194161097
78.806 6.0183495906016375
81.705 5.359580786026201
84.509 5.28925528062764
87.407 5.767366960907944
90.104 5.963273901808786
92.808 4.906059496567505
95.413 3.586699673049977
98.314 3.9285927281042765
101.00200000000001 4.730108063175395
103.70599999999999 5.83581237253569
106.20599999999999 5.939411267605633
109.107 5.147737260677467
112.106 5.662249499666444
114.70500000000001 6.546023598820059
117.50399999999999 5.601186161449753
120.107 4.786164580559254
122.90899999999999 4.590146284376829
125.602 3.9496210767468503
128.511 4.604281011641911
