0.018 2.7083947858473
0.625 2.7175545851528384
1.127 2.6728533333333333
2.218 2.671475982532751
3.416 2.66814262560778
4.725 2.7875006524575903
7.117 2.7883448806774442
9.814 2.692445572834021
12.521 2.6988386075949364
15.118 2.658583272727273
17.915 2.7162398843930635
20.72 2.6640377495462793
23.519 2.6559635343618515
26.105 2.6712731958762888
28.818 2.661153036437247
31.421 2.6868254017787487
34.414 2.707288205734555
37.22 2.6930526315789476
39.915 2.6539898416492385
42.721 2.689188279301746
45.715999999999994 2.662889033942559
48.419 2.707954642097803
51.31999999999999 2.671296032553408
53.81999999999999 2.683576362240982
56.516999999999996 2.696624624624625
59.215999999999994 2.6773106760251197
62.016000000000005 2.6673248683803035
64.815 2.6886418439716313
67.614 2.68265563598759
70.115 2.705888388214905
72.618 2.6926520231213873
75.51 2.730909871244635
78.413 2.728514836223507
81.116 2.6944150943396226
83.819 2.667961849710983
86.817 2.6997613725798835
89.722 2.673789693593315
92.52 2.706749015282811
95.418 2.6401113516857406
98.02099999999999 2.6851673443853614
100.71000000000001 2.6062998102466794
103.418 2.604841168996188
106.11500000000001 2.727987687572143
108.821 2.6989179078628336
111.81800000000001 2.6455006896551723
114.32 2.6470727762803237
116.917 2.434373626373626
119.72 2.408737104233369
122.61699999999999 2.546943115364168
