0.011 4.240256559766763
0.411 4.247918088737201
0.81 4.195061285500747
1.513 4.171065921787709
3.41 4.174864921465969
5.41 4.368414451261077
6.909 4.75620832185175
9.608 4.859781432360743
12.408 4.862138379657008
15.407 4.902149152542372
18.008 4.975157653791131
20.605 4.3949871962372615
23.509 4.594672212113335
26.408 4.64007341320418
29.1 4.671867210250437
31.607 4.8153982102908275
34.305 4.802703723125328
37.208 4.602261452513966
39.909 4.478398790017645
42.908 4.857497747747748
45.509 4.789604931024361
48.009 4.718631978319784
50.81 4.7215855472901165
53.79900000000001 4.752281313571636
56.30800000000001 3.8406849615806804
58.914 3.8181473588755384
61.909000000000006 3.4593328519855593
64.513 2.9280593912397923
67.512 3.3923146603098924
70.113 3.4940706357214935
73.108 4.616478427089023
75.807 4.444598034143818
78.402 4.77748487326247
81.108 4.643169543147208
83.61 4.673998987341773
86.608 4.601981218137913
89.409 4.533131050767414
92.40799999999999 4.848923511148744
95.00899999999999 4.571762185324049
97.81200000000001 4.070403034613561
100.61099999999999 4.812532952924394
103.4 4.617323117569352
106.309 3.637331047782301
109.013 3.728016799664007
111.81200000000001 3.6923544743701133
114.511 3.703286214712549
117.40799999999999 4.827421538461538
120.21199999999999 4.371221095334686
123.208 4.80690025146689
