0.023 1.7780048899755503
0.922 1.796017316017316
1.725 1.8017004830917873
2.425 1.8021101449275363
3.224 1.781384196185286
4.033 1.6913937423811458
6.634 1.3984787644787646
9.433 1.391943560295324
12.132000000000001 1.0737588920365124
14.652999999999999 1.2100470043032108
17.314 2.0850116472545754
20.012999999999998 4.03486750962067
22.908 5.406715203426124
25.904000000000003 3.157514089870525
28.805999999999997 2.4317602663706994
31.616999999999997 2.4667201068804276
34.22 2.470796166134185
36.916 2.5252002851033497
39.819 2.5497463697967087
42.513 5.089559228650137
45.02 2.63579130996608
47.834 2.183018054162487
50.417 2.643063915450428
53.209999999999994 1.9474798106377054
55.918000000000006 2.0744464337279815
58.519999999999996 2.445993925075937
61.114000000000004 2.807298565840939
63.81699999999999 1.8831344303011488
66.62 2.5566307490144546
69.219 2.2406681974741676
71.819 2.2126130462317923
74.526 1.935519391634981
77.208 2.0206894977168948
79.817 1.1342963571624212
82.716 2.491183004552352
85.622 1.2573320013320013
88.222 2.2377958557175748
90.93199999999999 1.3951497584541062
93.911 3.1239020197679417
96.82 2.054820866685068
99.53 1.9247757847533633
102.404 2.2490510148107514
105.11600000000001 2.4264339493497604
107.62100000000001 2.2571772885283896
110.12799999999999 1.8725779838906518
112.827 1.6289678623263528
115.727 1.9483553210202287
118.721 2.373277252015422
121.624 1.8576192322605662
