0.016 2.93819797979798
0.62 2.9493838862559243
1.116 2.896280701754386
2.117 2.8938883632923367
3.218 2.8983169014084504
4.414 2.87375067264574
6.717 2.2730216504549734
9.507 4.395801036269431
12.007 4.527315195753152
13.611 4.697782349756361
16.412 4.270180746561886
19.109 4.876664540446506
22.107 4.324860288720332
24.809 4.400050277979212
27.509999999999998 4.652897911832946
30.508000000000003 4.856137619853357
33.108 4.840780126849895
35.7 4.739958573072498
38.206 4.79638444924406
41.008 4.733561591220851
43.708 4.924014484007242
46.608 3.7934100217864923
49.315 3.2984498886414255
52.312 3.7958681522748376
55.209 3.7397007268063276
58.013000000000005 3.945150620754275
61.004000000000005 4.341799728137744
63.510000000000005 4.205914156225007
66.311 4.052423350735643
69.111 2.8588375165125495
71.712 3.8187359385588433
74.71 4.174639455782313
77.409 5.149410105757932
79.91 4.992927947598253
82.607 4.928536038441004
85.601 5.054990863542587
88.107 5.157235728676965
90.707 5.097844510385757
93.607 5.1777252047315745
96.507 5.252052615478739
99.30799999999999 5.01573832887303
102.207 4.708127155172414
105.00999999999999 5.114620066285026
107.90799999999999 5.20763156350836
110.602 5.272828784119107
113.40899999999999 5.099900113507378
116.00800000000001 5.252467358553733
118.607 4.779621846409759
121.309 5.136257948947604
