0.011 3.8173438320209976
0.512 3.8414814814814813
0.915 3.7874439946018894
1.71 3.7810135970333745
2.614 3.729650140318054
4.812 2.7074203633291085
7.218 3.086763736263736
8.711 3.772297020898177
11.014 3.2691355864811134
13.606000000000002 4.625162046908316
16.407 3.8606074600355242
19.009 4.964467532467532
22.006 5.623832007636017
24.708 5.526110503946569
27.607999999999997 4.888236441194394
30.508000000000003 4.883682359614294
33.323 2.0593043282743113
36.315 3.073898507462687
39.223 3.7936809737347854
42.013 3.517600815494393
45.010000000000005 3.712897383390216
47.512 3.6335041736227045
50.408 4.617315666406859
53.30800000000001 4.476485080755543
56.010000000000005 4.199308689390302
58.902 4.201009728111749
61.509 4.303773635751179
64.009 4.348507166482911
66.712 4.3452702290076335
69.212 4.635373493975903
72.01 4.635465862352619
74.709 4.546921407779836
77.608 4.393130827067669
80.211 4.391283725396064
83.2 4.9324862409831685
86.007 5.133667764142472
88.90700000000001 5.1007133842577215
91.507 4.608298283261803
94.31 4.612526344231289
97.108 3.8068647450110866
99.71100000000001 3.3614842566759666
102.31299999999999 3.362171604463255
105.113 4.007418319169028
108.102 4.238972301814709
110.91 4.257350363135487
113.511 4.2841592371871275
116.311 4.551528865680301
119.30799999999999 4.878352009054895
121.90700000000001 4.884695059625213
