0.014 3.239216035634744
0.516 3.249712793733681
1.019 3.200109464082098
2.015 3.1829760665972944
3.012 3.177002433090024
4.715 3.1867051218299354
6.814 2.663279411764706
9.616 1.7849560277719336
12.422 2.182554062699936
15.116 2.128414556040757
17.618 2.022203335126412
20.424 2.1397737609329446
23.41 3.4044080898876405
26.406 1.5650494526236316
29.338 1.441141854856391
32.015 2.6594742527907815
34.912 2.102662316476346
37.722 1.819181514762516
40.712 2.9243760177646188
43.51 3.3591090909090906
46.311 3.7981001064962725
48.821 1.6476601983613628
51.706 3.0097971239797903
54.312 3.0118001722652883
57.209999999999994 3.012078825995807
59.714 3.3231744277821624
62.409000000000006 3.623502363395727
65.315 3.4185014084507044
68.009 3.2758319585651257
70.816 3.186072874493927
73.317 3.03619683908046
76.01 3.1574450569643515
78.511 3.902179875333927
81.302 3.660281712685074
83.912 3.162435080507023
86.81 3.145925165077036
89.321 2.065391070467993
91.82300000000001 2.0713644137931033
94.52099999999999 2.0728029654975764
97.118 2.0071760582367215
99.923 1.5878843930635838
102.81800000000001 2.2037194302606826
105.618 2.198462015503876
108.417 2.293722696496909
111.416 2.675951168468783
114.006 1.1164575813556914
116.625 2.7292977412731005
119.614 2.8727025880356387
122.511 3.4195574589578874
