0.088 0.5494552323384965
2.89 0.5539118825100133
5.292 0.5533412462908012
7.492 0.6226619929894842
9.619 1.56778896882494
10.525 1.3616064690026954
11.34 1.3524141898370088
13.522 2.2438233271621266
16.436 1.2472877513711151
19.028 2.0124150839526562
21.713 1.9224116594221428
24.221 1.5869024864864865
26.921 1.5071245523278949
29.531 1.2843296158612143
32.13 1.526840418118467
34.708 1.669385171790235
37.224 1.561080339119903
40.221 1.708635640221847
42.919 1.980366917293233
45.516000000000005 2.0567881992763706
48.217 2.079542857142857
50.717 2.1672853091321613
53.313 2.0918984332793085
56.117000000000004 2.1153660012099214
58.705 2.154065367316342
61.614999999999995 2.1191461988304097
64.122 2.090483495145631
66.825 2.075120082107424
69.818 1.9873299284984678
72.814 2.006293497815472
75.323 1.9265045492142268
78.025 1.7528980716253444
81.016 2.0086513475177306
83.802 1.8488017857142856
86.43 1.5734038719570635
89.21600000000001 1.6194587175638
91.92599999999999 1.9361540504648074
94.51400000000001 1.7822682174222644
97.351 0.9516062311820919
100.15299999999999 0.9700310366232154
102.929 1.5616675461741425
105.828 1.6349191919191919
108.72 1.8984336734693876
111.42599999999999 1.5351348511383538
114.34299999999999 1.1319317467444994
116.934 2.012941839610556
119.90899999999999 3.6236859323882227
122.81 3.4901855670103092
125.31 3.237027027027027
