0.013 3.2905158371040724
0.517 3.3102127659574467
1.018 3.248259259259259
1.916 3.324748663101604
2.415 3.263119920713578
3.511 3.239870576339737
5.613 3.3662267657992566
7.814 3.3311592727272727
10.413 3.4080315025906733
13.314 3.5502471358428807
16.311 3.5486073469387756
18.812 3.694994727592267
21.414 3.7833270547945204
24.21 3.7501046559538525
27.109 3.6247609579755986
29.804000000000002 3.5777818408477042
32.712 3.6930467741935487
35.212 3.606851138353765
37.813 3.491707547169811
40.513000000000005 3.7024248496993986
43.108000000000004 3.705367272727273
45.611999999999995 3.8209239999999998
48.209999999999994 3.8605224327018943
50.812 3.8552370452039693
53.711 3.8416085561497324
56.61 3.8320473265073947
59.113 3.8191917098445596
61.709 3.742914353499407
64.513 3.5621426783479353
67.411 3.6242662759053803
70.312 3.543396352965835
73.213 3.4995551934826885
76.212 3.5875137126483834
78.904 3.6632134561473766
81.513 3.756316581892167
84.512 3.665651634964736
87.311 3.623937706465314
90.114 3.6001123218776194
93.01499999999999 3.589787654320988
95.612 3.615646430305974
98.21000000000001 3.7042071197411004
101.11000000000001 3.708747173224785
103.91300000000001 3.643391572456321
106.41499999999999 3.598972748267898
109.114 3.6000847098686997
111.91300000000001 3.6707614379084967
114.416 3.6614049008168026
117.31299999999999 3.6211081705524046
120.10900000000001 3.596507996237065
