0.018 2.51193091537133
0.723 2.534908350305499
1.316 2.531348416289593
1.821 2.4788006482982174
3.112 2.4886530612244897
4.521 1.7683399558498896
7.225 2.6457706355003654
10.012 2.543896851574213
12.916 2.1944882598906403
15.620000000000001 2.2289951219512196
18.508 4.0883915171288745
21.413 2.6563242851972495
24.213 2.442698484359884
27.107 2.4408690020606416
29.613 3.363893551688843
32.113 3.5319751315160213
34.805 6.221715205148834
37.605 2.7663022162525186
40.113 2.6747678410117435
42.812 3.2808199277429173
45.613 3.30060355987055
48.114 5.638520725388601
50.80500000000001 7.774299212598425
53.712999999999994 3.3257270693512306
56.712 2.623229869545659
59.608999999999995 2.0898185879141336
62.22 2.6558625277161862
65.014 2.9532729314863344
67.913 3.1507217712177122
70.909 3.2294571908226075
73.813 3.447296900489396
76.315 3.4042015158270176
79.114 3.1082071992976292
82.015 2.8838257127487896
84.914 2.8720951714485654
87.811 2.876775619047619
90.517 3.15738819707634
93.412 3.5772729871367317
96.113 3.57214742014742
98.90100000000001 3.1773862569355527
101.811 2.998951965065502
104.71100000000001 2.9981864716636197
107.51599999999999 2.75127667830811
110.219 2.8418146310228907
113.01499999999999 3.5152191894127376
115.911 3.3801105886778258
118.814 3.2911936228235787
121.61000000000001 3.0454152976505915
124.314 2.9930229645093944
