0.015 2.7969384615384616
0.614 2.815927601809955
1.112 2.8111959798994977
1.62 2.7656781193490056
2.817 3.0528300153139356
5.51 4.110624759461193
7.11 2.6039252336448597
10.011 3.799326466636811
12.314 3.713584462511292
15.312999999999999 3.635786297925833
18.213 3.387526982271576
20.908 4.107354334554335
23.61 4.233701556886228
26.406999999999996 4.918402593893542
29.208 4.919715424716345
32.006 4.764765910348644
34.898 4.6943905689390055
37.409 4.620329781267526
40.007 4.487448345541803
42.509 4.52381541688516
45.406 5.144446406052963
48.107 5.145316784869977
50.61 5.140887474689037
53.607 5.142327044025158
56.406000000000006 5.116794384322901
59.101 4.814707833047456
61.708 4.820096579476861
64.308 5.0387684445863945
67.007 5.1082596470236314
69.908 5.102599469496021
72.907 5.066090500449505
75.808 5.062703594578668
78.807 4.879897550111358
81.509 4.821847127042699
84.101 4.413649533827396
86.911 4.175166504381694
89.608 4.140805607980587
92.411 3.4229400278940028
95.013 3.4210340681362728
97.614 3.8426499552372424
100.21000000000001 4.06554061219571
102.911 4.221393236714976
105.60900000000001 4.536457509353287
108.601 4.437094726318421
111.213 3.6378343676439115
114.012 3.637330095122445
116.51400000000001 3.681163772876584
119.31299999999999 3.708345020434502
122.012 3.714139896373057
