0.034 1.157968152866242
1.437 1.1708748824082784
2.637 1.169128526645768
3.742 1.1686616541353383
4.942 1.159163120567376
6.132 1.1679907514450867
7.133 1.1624265402843603
8.351 1.1065470196947957
11.146999999999998 1.1201221474306353
13.843 1.111278917768658
16.537 1.1135296208530805
19.436 1.0988806707590957
22.246000000000002 1.101943444730077
25.034999999999997 1.088054462934947
27.935000000000002 1.108217606330366
30.546999999999997 1.1026390666164847
33.342 1.1333385982230997
35.941 1.1170737551478847
38.737 1.0986740823136818
41.536 1.1010190703218117
44.342 1.0990496147919877
46.93899999999999 1.0927853567853567
49.536 1.1305310344827586
52.334 1.1495114822546972
54.94 1.1376279069767443
57.536 1.1090178897407814
60.342 1.0868691767709
63.041 1.062086499737349
65.844 1.0325572508955818
68.538 1.1163289003289003
71.326 1.1008461538461538
74.036 1.102278215223097
76.735 1.102536398467433
79.52 1.0878445322793149
82.154 1.0840251276010993
85.022 1.0896877344877345
87.54499999999999 1.0920779026217229
90.53800000000001 1.085071676300578
93.043 1.1042013863553448
95.619 1.102875
98.33699999999999 1.1047673860911271
100.947 1.09234375
103.518 1.0879912280701753
106.34200000000001 1.0824569479965898
109.322 1.0751053811659192
112.041 1.1088937191249117
114.74700000000001 1.1303559539052497
117.739 1.1427840772014475
120.643 1.1319137645107793
