0.011 3.8273894736842102
0.516 3.751949069539667
2.614 5.174773765659543
4.006 5.481797356828194
5.409 5.185020472440945
6.113 5.168116129032258
7.407 5.144971590909091
8.927 4.672628411119613
11.909 4.252327902767004
14.809999999999999 4.34709619238477
17.406 5.80573489148581
20.01 6.050221582733813
22.909 6.221648715241112
25.814 6.464136363636364
28.71 5.19029181494662
31.601 5.703830407419676
34.207 6.001806028833552
36.807 6.243310344827586
39.506 4.653171293871137
42.41 3.8113169869670864
45.013 3.616618794326241
47.613 3.5232197490894372
50.113 3.4059118436182443
52.913 2.8608467459762075
55.905 3.0451383812010446
58.72 2.481852048334807
61.625 2.7226458303736325
64.223 3.1007044025157233
66.914 3.184208838336752
69.817 3.194892046503045
72.317 4.219463768115942
75.009 4.5047929203539825
77.809 4.501268912905277
80.41 4.538428493150684
83.311 4.525054024255788
86.211 4.788545339251744
88.908 4.908356663470758
91.611 5.087277465205804
94.61 3.7960773849232825
97.21199999999999 3.4160286510147233
99.814 3.2746899631139588
102.51499999999999 3.4689495831679236
105.11099999999999 3.919516047102286
108.013 3.6193304791029566
110.703 4.57224314147391
113.513 4.109775440201235
116.01400000000001 4.5941786237188875
118.51599999999999 5.134036926742108
121.512 4.160052230685527
