0.011 3.600019801980198
0.513 3.618139534883721
0.913 3.6092129032258065
1.318 3.544426419466976
2.21 3.592131868131868
2.614 3.5347291781577495
4.509 3.528266557645135
7.015000000000001 3.861196206533193
9.811 4.086419483101391
12.41 4.05932350877193
15.306999999999999 3.870920747996438
17.911 3.625698641948696
20.61 4.032786675792836
23.11 4.020986967086371
25.9 4.002792415169661
28.509999999999998 3.9944012990025515
31.411 3.995095310796074
34.11 3.9961426146010184
36.81 4.0058191657271704
39.311 4.060680630736644
42.108000000000004 3.8206939826738466
44.913 3.7452682297268227
47.611999999999995 3.9440852197070573
50.400999999999996 3.9518124697921704
53.11 3.947274368231047
55.611000000000004 3.9599924758993654
58.41 3.9645643359536615
61.312 3.734055384615385
64.113 3.728583406113537
66.812 3.901108607480847
69.312 3.914527731092437
72.214 3.9644984423676015
75.209 4.020724588302101
78.011 4.014848279205041
80.614 4.016017454545454
83.609 3.819694486595852
86.112 3.738266666666667
88.712 3.73148045178106
91.411 2.705381933438986
94.316 2.7317358790771675
97.21600000000001 3.002479174083304
99.91300000000001 3.3416
102.713 3.5174935764608373
105.612 3.180368326764601
108.31800000000001 3.158015976221438
111.314 3.370447018447018
114.214 3.373522842639594
117.21000000000001 3.3669617105917453
119.814 3.2746411483253586
