0.011 3.857846153846154
0.511 3.8773831775700933
0.911 3.8849166666666664
1.313 3.8140149625935162
2.21 3.7953317467872445
4.41 3.789748078060319
6.21 3.97155701754386
8.111 4.155449308233159
10.612 4.066209693372898
13.210999999999999 4.08032165530214
16.013 3.977167429094236
19.011 3.82264
21.511 3.996315622880398
24.509999999999998 4.1025485688528285
27.009999999999998 4.122094552929085
29.703000000000003 4.111715377268386
32.509 4.144233484162896
35.01 4.0964932869219295
37.609 4.13446776821038
40.51 4.022809979016087
43.412000000000006 3.6473366115333032
46.013000000000005 3.9536221616712077
49.010000000000005 3.5206117274167985
51.613 3.542590987868284
54.503 3.987763847731935
57.007000000000005 4.099768257059396
59.708 3.940111842105263
62.611999999999995 3.9021479099678458
65.211 4.081479923518165
68.013 4.051748186285982
70.912 4.115273612463485
73.61 4.126516810758886
76.312 4.126316384180791
79.302 4.125865584122688
81.809 4.100909817858729
84.40899999999999 4.087603431839847
87.21199999999999 4.103192091904889
90.00899999999999 4.123796447431588
92.809 4.163648780487805
95.511 4.147091787439614
98.21199999999999 4.18757327080891
100.809 4.164570848146267
103.309 4.160821596244132
106.108 4.096622502628812
108.61000000000001 3.9854296103896103
111.11099999999999 3.8380615534929166
113.71100000000001 3.6915576470588234
116.513 3.7848728869374315
119.11000000000001 4.103493381037567
