0.017 2.301278481012658
0.722 2.3307865168539323
1.318 2.311685950413223
1.924 2.542676641729011
3.211 3.6181186813186814
4.214 3.032874585896829
6.414 3.1633711790393013
8.814 3.3024118333982098
11.41 4.055179284833539
14.013 3.921719322033898
17.01 2.8472533158670377
19.709 3.5589538721963603
22.52 4.097288827074641
25.409 5.042384487534626
28.109 5.307043334435991
30.71 4.135414024975985
33.6 5.487571000599162
36.504 5.18605476864967
39.212 3.9020004392708105
41.808 4.346053400503778
44.309 2.3659828911120777
46.821 2.677907105505998
49.41 4.646287058823529
52.307 3.8585653610193487
55.111999999999995 3.4807640270592914
57.900999999999996 3.580324829931973
60.714 3.748995962314939
63.31100000000001 3.689523114355231
66.011 3.526227458087902
68.814 3.525965672990063
71.613 3.3436598101265824
74.215 3.6166735424121237
77.012 4.175462601238685
79.806 6.720825863335783
82.307 2.520794101583834
84.906 3.5857245963912634
87.608 4.9212624472573845
90.40899999999999 4.920508519003932
93.00800000000001 5.1792961165048546
95.90899999999999 2.7217755231452125
98.816 2.914293020041465
101.71100000000001 3.3099560606060603
104.612 3.3822323171946604
107.411 2.1849619692307694
110.309 2.3752173374613004
113.118 2.375721802237678
116.019 2.472410714285714
118.816 2.6002150537634408
121.51499999999999 3.3673118279569896
