0.009 3.9414850948509486
0.412 3.9638216560509556
0.812 3.967574468085106
1.212 3.896611464968153
2.111 3.901052132701422
3.013 3.8792154963680385
4.71 3.7776931494856645
7.308999999999999 3.7497699549733934
9.813 3.518132648694908
12.611999999999998 3.5365005094762583
15.608 3.5660738310090236
18.112 3.5589538721963603
20.914 3.471951286584168
23.613 3.6289888357256777
26.403 3.4846203301476977
29.109 3.5837386056191467
32.013 3.4758087286527517
34.913 3.421396426846934
37.513 3.4235979202772966
40.409 3.5804457364341085
43.010999999999996 3.580738955823293
45.613 3.575970051474029
48.313 3.575349953831948
51.013999999999996 3.546348884381339
54.012 3.5405657959586003
56.613 3.5629041675481274
59.414 3.5385347119645494
62.408 3.5994487793748577
64.915 3.46036717325228
67.911 3.5318482252141985
70.414 3.3265533254624167
73.114 3.4379383753501402
75.714 3.380634908389585
78.702 3.713781567194478
81.212 3.584911844660194
83.916 2.8590738456409404
86.513 3.7468280068309348
89.21199999999999 3.798305549414106
91.81 3.713500108766587
94.51499999999999 3.613891262135922
97.112 3.5956020942408378
99.614 3.612352422907489
102.412 3.6415202876219825
104.91399999999999 3.646128217126813
107.612 3.5867003272557274
110.309 3.778986050986051
113.00999999999999 3.850090797546012
115.71000000000001 3.466042621632489
118.314 3.665472674976031
