0.007 5.139250883392227
0.411 5.207698744769875
0.71 5.093459165154265
1.307 5.089584026622296
2.009 5.070866019417475
3.109 5.065979446640316
4.408 4.927972789115646
5.911 4.758798961038961
8.809 4.752529479768786
11.807 4.796464344941957
14.507000000000001 4.761274917853231
17.208 4.694283003070053
19.908 4.703486961149548
22.709 4.710923395445135
25.609 4.784727706531465
28.200000000000003 4.728133992311917
30.908 4.74669914485618
33.809 4.7798363794604
36.309 4.8237328265001365
39.108 4.794062795220894
41.808 4.778384773060029
44.309 4.763817236662106
47.01 4.706580508474576
49.909000000000006 4.699022988505747
52.70099999999999 4.734592692828146
55.507000000000005 4.764313437057992
58.108000000000004 4.814042702838483
60.708 4.812807809640024
63.608999999999995 4.834912797281993
66.206 4.769454545454545
68.909 4.7688417489421715
71.508 4.783634743875278
74.208 4.803670046588107
77.101 4.785270206643997
80.008 4.7656933402168296
82.509 4.704219418540867
85.208 4.72561476923077
88.009 4.754978134514253
90.708 4.69240241891149
93.41 4.31706311289917
96.00899999999999 4.316255885363358
98.50999999999999 4.650497072911123
101.50200000000001 4.719328329163192
104.209 4.764577563070317
107.00899999999999 4.722111111111111
109.71100000000001 4.751995769434162
112.608 4.780353443022547
115.50899999999999 4.8129804578447795
118.21100000000001 4.762983388704319
