0.043 0.954962573867367
1.654 0.961854714064915
3.059 0.9603914163090129
4.35 0.9609397217928903
5.746 0.9488650217706821
7.251 0.955829706717124
8.451 0.8951532846715329
9.976 0.8282628136288197
12.847999999999999 0.6081347713699974
15.654 1.0218916437098255
18.35 1.03627397260274
21.223 1.0106666666666666
24.045 0.9801585365853658
26.944000000000003 0.3517750061139643
29.683999999999997 0.750061752433936
32.361 1.1471072826938136
35.051 0.7527113428943938
37.648 0.45951439688715956
40.153999999999996 1.050057142857143
43.042 1.2371547749725575
45.718 1.15404208600183
48.441 1.1222186666666667
51.32299999999999 1.0680478405315614
53.95099999999999 1.0963575076608782
56.943 0.7813362279511533
59.937 0.6810901231087304
62.629000000000005 0.9392357688113414
65.434 1.5331724137931035
68.136 1.5246153846153845
70.727 1.092788267644363
73.441 1.0856620689655172
76.426 0.8757385835384195
79.136 0.9003870967741935
82.069 0.9138616491422247
84.926 1.1454713926876918
87.737 0.9728853388301985
90.673 0.8427306358381503
93.27699999999999 0.6694251012145749
96.037 0.6632367816091954
98.87 1.400149358226371
101.51599999999999 1.6221408450704224
104.33000000000001 0.8052460732984293
107.261 0.7935131505316173
110.02799999999999 0.6432042265147764
112.745 0.9164609053497942
115.387 0.5917338262476894
118.19 0.5975317762085823
120.85499999999999 0.5943337515683814
123.608 0.6397150997150998
