0.022 1.6698140068886338
1.024 1.681945945945946
1.828 1.6824902255639096
2.623 1.6940817438692097
3.431 2.059111811023622
4.125 2.142582413908392
6.721 2.213973105134474
9.614 2.3041542639869634
12.416 1.4777266623348493
15.139 1.2154786367414796
17.732 1.6778736889087256
20.327 1.5351231959841036
23.218000000000004 1.8043849452120058
26.208 2.0452964972866305
28.820999999999998 1.8546975169300226
31.423000000000002 1.850967418546366
34.028 1.650931461049816
36.629 1.3051596979185853
39.144 1.1384042645151995
42.141999999999996 1.615662439877569
44.827 1.9189755178907721
47.622 1.500461024936187
50.32899999999999 1.3732104712041884
52.83 1.3851974842767294
55.739999999999995 1.353654913023037
58.437 1.2500411522633745
60.962 1.1657248459958933
63.941 1.420842351838838
66.823 1.6162791277258566
69.726 1.8980034038414784
72.425 1.7815991840897503
74.926 1.8111062618595823
77.725 1.8414814044213266
80.621 2.3135843575418993
83.316 2.052112
86.11 1.7709981238273922
88.925 1.7554774232390127
91.82300000000001 1.6398113125136493
94.523 1.5025465068210002
97.43299999999999 1.646310482087572
100.019 1.7727413526071243
102.523 1.7208898216159496
105.43299999999999 1.197439621685526
107.988 1.0002279845956354
110.834 1.2617563739376771
113.53899999999999 1.2690901883052528
116.13499999999999 0.6133450671607226
119.05699999999999 0.9613068094873757
121.73500000000001 1.463639742673338
