0.039 1.1170568356374808
1.437 1.133551912568306
2.632 1.1313003033367037
3.729 1.1324735883424408
4.934 1.1233127147766322
6.244 1.116299605781866
8.635 1.111558707643814
11.248 1.1064027125717266
14.030999999999999 1.1170045841519318
16.733 1.11466747979875
19.43 1.1074608926204152
22.006999999999998 1.1264057709648332
24.732 1.1260665499124343
27.427 1.122003120124805
30.326999999999998 1.115166253101737
32.832 1.116080761904762
35.531 1.1078057584873227
38.138 1.1078348968105065
41.128 1.1076063919259882
43.834999999999994 1.1281761761761762
46.614999999999995 1.1182340425531916
49.32899999999999 1.1282359249329759
52.035 1.1276147893379191
54.828 1.1221542227662178
57.61 1.1182764632627646
60.129000000000005 1.1012733627108342
62.828 1.1183991689390989
65.631 1.1044384559359068
68.23 1.1127229053474408
71.011 1.143079578139981
73.628 1.1366137184115523
76.332 1.1309730700179534
79.033 1.1143774011299437
81.839 1.1120188552188552
84.438 1.1058127441735148
87.433 1.0062006662225182
90.04499999999999 1.0277927388086008
92.838 1.128655290102389
95.51400000000001 1.117165537270087
98.13499999999999 1.115174721189591
101.00999999999999 1.1186272764063132
103.631 1.117341082455503
106.207 1.105228371005456
108.739 1.1113644273284837
111.334 1.1191760758570388
113.83600000000001 1.1202783402252958
116.43199999999999 1.1470865484880082
119.21000000000001 1.1414072289156627
122.136 1.1426972010178118
