0.019 2.3270528
0.723 2.3572727272727274
1.323 2.3037861825516894
3.43 2.296588126730237
6.215 2.470257744733581
9.021 2.529989735491512
11.614 2.6496415508412583
14.415 3.230729626808835
17.113 3.3184163424124513
19.711 3.450261444077395
22.414 4.655450154798762
24.3 5.392670095518001
25.71 5.083607707794076
28.31 4.581678328718852
30.909 6.257095163806553
33.506 6.248136429608127
36.307 6.163362045760431
38.808 6.097740932642487
41.607 5.703309149277689
44.308 4.408235053653551
46.999 6.4320788332676395
49.606 6.42737246216316
52.405 6.344893966440557
55.306 6.24145038167939
58.008 6.2323904524403275
60.907 6.394019741837509
63.605000000000004 6.645181692094313
66.108 6.645486099410278
68.608 6.278276470588236
71.599 6.079044943820225
74.509 6.011928876244665
77.41 4.771678978061649
80.11 4.640876886417792
83.008 4.754180873180873
85.911 5.177312394840157
88.511 5.180182422228934
91.409 4.628766726943943
94.313 4.608298283261803
97.303 4.568092052448488
100.107 4.546864406779661
103.009 4.403009135995823
105.91 4.243945604662457
108.611 3.4293785858585855
111.12100000000001 3.2478624222466155
113.71100000000001 4.077620532501799
116.411 3.6095697931311506
119.01499999999999 4.220909335485607
122.0 5.002929773650609
124.50800000000001 5.014982072584171
