0.022 2.0116293222683264
0.823 2.027100977198697
1.52 2.02324773960217
2.127 2.0071128608923883
3.72 1.8612142453363483
5.626 1.4398372881355934
7.532 1.70530131826742
10.328 1.6460799379123012
13.024000000000001 1.5948256194483403
15.928999999999998 1.5285603177921807
18.828 1.5356519607843138
21.331 1.4767452716297786
23.93 1.5395951219512194
26.927999999999997 1.5354874074074074
29.616999999999997 1.6004499634769904
32.327 1.5700170068027213
35.131 1.3805055337379508
37.838 1.4360989055533038
40.82599999999999 1.5599846153846153
43.527 1.6014292237442922
46.324 1.5774367346938776
48.82899999999999 1.519065527065527
51.533 1.340627189324437
54.034000000000006 1.4119096509240245
56.534000000000006 1.4705850562947798
59.034000000000006 1.5446462063086104
61.825 1.5131398453970484
64.627 1.571799948173102
67.13 1.561473515248796
69.733 1.4824322066084314
72.627 1.495917790622993
75.431 1.5060402366863905
78.314 1.5177912111468381
81.031 1.5309855822550833
84.025 1.5229554140127388
86.53299999999999 1.4526544007956241
89.13399999999999 1.47785500575374
91.92500000000001 1.5533090608191973
94.82900000000001 1.5271680672268908
97.726 1.4452758687633471
100.435 1.4038430089942762
103.114 1.4909163636363638
105.732 1.4923258261418648
108.71000000000001 1.4990371953826422
111.62799999999999 1.5166855845629965
114.12899999999999 1.6760628272251308
117.023 1.9247267441860465
120.02199999999999 1.6538739618954568
122.72900000000001 1.5155963302752293
