0.007 6.2961385281385285
0.307 6.2201169590643275
0.905 6.236657777777777
1.405 6.204543610547668
2.006 6.17933171912833
4.506 6.181058495821727
7.106 4.840235558048233
9.706 6.311187047881502
12.705 7.484639053254439
15.503 6.285261861644331
18.304 5.449130680037606
21.109 4.849946943483276
23.8 5.993795863004409
26.305 5.324073705761919
28.808999999999997 4.667789351178353
31.308999999999997 5.623730894839974
33.906 5.251580275229357
36.511 4.123147147147147
39.11 4.306862545454545
41.809 4.428601642710472
44.309 5.074062189054726
47.302 4.989040687679083
49.91 3.862648989350141
52.611999999999995 4.138850923816755
55.608999999999995 4.332421991084695
58.211 3.604847602739726
61.013000000000005 3.6118929513758014
63.909000000000006 3.881029274292743
66.512 4.610397408207343
69.305 5.786470588235294
72.1 3.7065433019074763
74.712 3.737832499456167
77.412 4.168511771700357
80.209 4.076222816399286
82.811 4.030189041693953
85.512 4.900452571428571
88.109 5.0206760379208895
90.707 5.3105829984544055
93.507 4.676975342465754
96.404 3.6008724832214765
99.214 4.1131255791270425
101.911 4.4424422979156075
104.411 3.922232902033272
107.314 3.89230782723087
109.90899999999999 4.107175646291375
112.61000000000001 3.9559867928681487
115.21100000000001 3.8108136992956037
117.91399999999999 3.669667092379736
120.904 3.523583410138249
