0.013 3.313002277904328
0.511 3.3190399999999998
0.919 3.2747911318553093
1.813 3.365060506050605
2.81 4.372494023904383
3.611 3.9219485924112605
5.314 3.2868058076225046
7.61 3.380951467060343
10.111 3.937680076628353
12.91 4.341658243682762
15.507000000000001 4.444830265848671
18.008 4.8028600799543115
20.61 3.6947541806020068
23.511000000000003 4.204899052899052
26.409 5.07856663501108
29.299 6.363586104951959
32.103 6.687664110989413
34.905 6.969583756345178
37.805 7.5438675159235675
40.706 7.789540406320541
43.503 7.8377444764649375
46.203 7.790493064876958
49.004 7.829096035242291
51.804 7.820468675274988
54.698 7.676314172882843
57.504000000000005 7.686831583751711
60.304 7.755849453662485
63.303 7.825587301587301
65.903 7.8406391184573
68.605 7.583495400788436
71.503 6.224427098674521
74.305 6.048157690953889
77.21 6.109652143604043
79.8 6.800776208178439
82.604 7.084534151957022
85.304 7.2217195789473685
88.205 7.303018544935806
90.907 6.412742067935796
93.708 5.983512092534174
96.605 5.816043360433604
99.106 3.8520045672527976
101.608 4.4424422979156075
104.299 4.991303734195825
106.807 5.6790838131797825
109.506 6.95280163599182
112.006 6.152703868538172
114.506 5.575380241648898
117.406 5.579319093851132
120.106 6.042815595363541
