0.021 1.9136947368421051
0.819 1.9417160686427457
1.521 1.9357370242214533
2.22 1.9248544891640869
2.922 1.9116023391812866
3.726 2.132600332778702
6.317 2.258142144638404
9.123 2.059198058252427
11.821 2.1214751243781094
14.619 2.346310654685494
17.308 3.801087967644085
19.927 1.7587884016295232
22.721 1.7698149532710281
25.307 2.098616046570488
27.814 2.4945153700189753
30.515 2.395510866039572
33.219 2.2280587726879864
35.817 2.2254120603015077
38.619 2.0044809741248097
41.125 1.8130618253189403
43.825 1.8140467955239064
46.821 2.1086777041942604
49.708 2.3588815108132803
52.616 2.2588501291989664
55.31999999999999 2.167061236802413
58.221000000000004 2.2776492771841608
61.016000000000005 2.357085933223864
63.717 2.459682076236821
66.716 2.52020207253886
69.42 2.664376731301939
72.015 2.3158279452054793
74.915 2.533217750257998
77.817 2.5507264260768334
80.815 2.3929480706344015
83.529 2.036734777417704
86.52099999999999 1.5771796157059315
89.43 1.5534619072988811
92.22900000000001 2.0299259259259257
95.019 2.562326401127952
97.91300000000001 2.777841791044776
100.71199999999999 2.5769606003752346
103.41499999999999 2.3823474723997675
105.91499999999999 2.9297685950413226
108.601 3.8822999501743896
111.21100000000001 3.3901688024745913
114.019 2.7222841302841303
116.519 2.717696
119.21199999999999 2.8041795705920625
121.91300000000001 2.910242070540472
