0.094 0.39160150780829295
3.0330000000000004 0.3941228625712477
5.938 0.3927188487188487
8.535 0.39387266392144443
11.447 0.3910095693779904
14.039000000000001 0.39357693805999217
16.822 0.3923096609085093
19.635 0.4355753210147197
22.527 0.4434277307833763
25.415 0.45833607907742996
28.002000000000002 0.46908639933856966
30.718000000000004 1.1025454545454545
33.439 1.1028885077186965
36.258 1.2271440677966101
39.246 1.2334486770501032
42.134 1.2837406570484964
45.045 0.6651980044727335
47.75 1.03962726488352
50.54900000000001 0.7582074498567335
53.507000000000005 0.4904473455178416
56.149 0.4885236250968242
58.903999999999996 0.8828643356643356
61.444 1.038044559250888
64.192 0.554627949183303
66.802 0.6548594348222425
69.35 1.0840704225352114
72.042 1.1476403785488958
74.949 1.1904149933065595
77.841 1.4312636282394995
80.628 1.223587460815047
83.205 0.4618873611845584
86.022 0.5637154362416108
88.886 0.5636865817825661
91.599 0.5302319545823195
94.209 0.5017922350472194
96.71199999999999 0.5052575039494471
99.412 0.5804546892655367
101.97999999999999 0.5038355687162516
104.906 0.4523841630733046
107.775 0.4638299188248937
110.53200000000001 0.4825699143905422
113.11000000000001 0.47500220102714596
116.011 0.5055178416013925
119.00200000000001 0.5378447132266875
121.856 0.47154616634658
124.82400000000001 0.4308586810228802
127.52799999999999 0.48567593818984545
130.468 0.7640064516129033
133.367 0.7541922651933702
