0.056 0.7077411192214111
2.262 0.7132607449856734
4.177 0.7099340101522843
5.871 0.8229358041032429
7.445 0.967112426035503
8.937 1.2187117008443908
9.843 1.247186560565871
12.25 1.031978591412237
15.047999999999998 1.1352186356073213
17.644 0.9360010241966458
20.554000000000002 0.8789465530596436
23.119999999999997 1.2355924826904057
25.738999999999997 1.2353198847262248
28.338 1.4707033432077867
31.335 1.3682447960033306
33.917 1.1430676365887635
36.443 1.1771068493150685
39.133 1.3678980694980694
41.935 1.241814238566714
44.932 1.324379928315412
47.815 1.3533991416309012
50.333 1.3402292993630573
52.855999999999995 0.8819818930041152
55.650999999999996 0.8838046272493573
58.339 1.2972729281767956
60.840999999999994 1.2909477263068423
63.839 1.3248411013690202
66.442 1.0151591631799162
69.036 1.3487667244367416
71.944 1.373414496833216
74.73 1.6234739776951674
77.628 1.4633238788807974
80.437 1.4068142261076892
83.036 1.4135697297297296
86.02799999999999 1.4190148367952522
88.632 1.5068457008244993
91.529 1.5002990654205608
94.32900000000001 1.3964470894550864
96.846 1.2572327914216535
99.73400000000001 1.4385731400966184
102.531 1.5541072640868974
105.52600000000001 1.4413851291966953
108.34299999999999 1.1066083970657095
110.84800000000001 1.2311264044943822
113.834 1.310772595250299
116.52199999999999 0.9407869716201652
119.451 1.0618301158301158
122.03899999999999 1.137296518607443
124.946 1.1426972010178118
