0.01 3.8073507853403146
0.513 3.817914110429448
0.912 3.8581241379310347
1.31 3.7763456790123455
2.212 3.1985527476935416
4.815 2.357786607799853
7.619 1.910873120548668
10.52 2.0482607436021243
13.215 2.3230044262853253
15.719000000000001 1.746560917343526
18.522 2.039205858421481
21.323 1.8618528665651954
24.012 1.6406341780376867
26.729 1.918027295859357
29.621000000000002 2.1210222652468538
32.316 2.246155717761557
35.227 1.7301100671140939
37.827 1.8159179907739622
40.824 1.7377752364196173
43.428 1.603393360815795
46.125 1.9409066666666668
49.108999999999995 1.6398815450643776
51.831 1.7201705908485116
54.434 1.4551394090719934
57.31999999999999 2.0690691244239634
59.92100000000001 2.1166705607476635
62.917 2.2707070920116004
65.811 2.8503646616541354
68.518 2.1444982088729674
71.229 2.015097573567372
73.91 1.968845308537616
76.524 1.9414248665141112
79.025 1.9131305052688463
81.825 1.8409939986663704
84.418 1.7012327461139896
87.332 1.7714135585268591
90.22399999999999 2.1037864357864358
93.11699999999999 2.4813932584269662
95.714 2.2095197568389056
98.30799999999999 1.9741755502519225
101.119 2.0494180841539835
104.018 2.1750769230769227
106.92099999999999 1.9208994852343537
109.725 1.8770840761262346
112.422 1.8994681851943551
115.017 2.492548223350254
117.715 3.01535390199637
120.50999999999999 4.177026526835287
123.40199999999999 2.220018535681186
