0.024 1.6124257206208426
1.023 1.6227379400260757
1.926 1.6215304347826085
2.73 1.7587779349363506
3.512 3.4050416666666665
4.015 2.7658454898575746
6.409 3.8247729672650475
8.408 3.9132361623616236
10.607 4.10509265944645
12.308 4.663694705724268
15.105 5.846730329522528
17.607 5.159391411042945
20.409 3.8856240932072983
23.012 2.955513557395681
25.708 2.4915657710824664
28.223999999999997 2.428411225497109
30.918 1.9880086824397656
33.733 1.5624502756339582
36.321 2.397349514563107
39.221000000000004 2.0380694980694978
41.922 2.021777777777778
44.519000000000005 2.035654768247203
47.31699999999999 1.9511735953640716
49.928 1.9952639087018544
52.519999999999996 2.29881856
55.407 2.549236721772775
58.313 3.4687039871123644
60.913 3.6342576393049733
63.607 3.3719168110918543
66.514 3.2204983498349833
69.016 3.108288256227758
71.821 2.5200079207920796
74.413 3.438803302574065
77.011 3.74188750255676
79.513 4.806637854725332
82.409 4.291114335751814
85.014 3.2380872865275143
87.814 2.8666337393625896
90.422 2.48088359250109
93.417 2.6320650007665187
96.00800000000001 4.586168569874933
99.00299999999999 3.18392566952086
101.61699999999999 2.046464617239301
104.53 2.387917866993564
107.41499999999999 2.591000337723742
109.92099999999999 2.5491602855288775
112.62 2.212330226364847
115.22300000000001 2.1687892376681615
117.917 2.256617993405558
