0.027 1.7801811505507956
0.924 1.7908489208633094
1.728 1.7988038585209003
2.425 1.7943088023088023
3.228 1.781384196185286
4.03 1.7698
5.53 1.5625798101811905
8.226 1.546462996718921
10.842 1.861064920894708
13.638000000000002 1.768530237058539
16.324 1.5406868852459017
19.32 1.7831448007774537
22.040999999999997 1.3677876489707477
24.625 1.2672523307351369
27.414 1.3870116058240134
30.240000000000002 1.3261555036810917
32.929 1.2823067484662576
35.524 2.160538740043447
38.516 2.2408618784530385
41.016000000000005 2.2463602882305844
43.82299999999999 1.56346346216304
46.531000000000006 1.4569776930409915
49.337 1.8438590476190477
52.315 1.6994896719319563
55.018 1.8596448356199844
57.93000000000001 1.5745122746035194
60.617999999999995 2.1239930949445127
63.22 1.9074138364779873
66.017 1.6449765377298669
68.842 1.5547675761800437
71.421 1.6939229090909091
74.126 2.1098712351478306
77.006 2.326049934296978
79.621 1.977510881593508
82.442 1.5317126329539095
85.41999999999999 1.4717474176573766
88.143 1.1436940576583643
90.846 1.9523390535621425
93.82400000000001 1.8087384921622294
96.42500000000001 1.5445261410788382
99.33600000000001 1.5595708390646492
102.327 1.637933972310969
104.82900000000001 1.738752336448598
107.62299999999999 1.8630435706695005
110.618 2.215056210964608
113.61699999999999 1.4263819898329702
116.21700000000001 1.8486342141863699
118.939 1.500323509860403
121.518 1.7195979899497489
