0.009 5.308058394160584
0.408 5.341802575107296
0.71 5.226249534450652
1.311 5.228786324786325
2.013 5.196174520069808
5.01 4.599644655019247
7.52 2.9991798436142485
10.311 4.639497594327677
13.309999999999999 4.297896497647674
16.213 3.5692324146441794
19.122 2.9436560013543254
22.116 2.7132805914972273
24.915999999999997 2.748478955007257
27.714 3.0162357220807565
30.516 2.6883631901840492
33.02 2.6301139601139605
35.917 2.8621732050333084
38.717 2.6809353007945513
41.414 3.0078660068519225
44.303 2.6980795910916395
47.119 2.6359320029563933
49.917 2.892448145344436
52.619 2.682441288534811
55.614999999999995 2.927949865711728
58.318 2.874990961380444
61.019000000000005 2.803237017310253
63.617999999999995 2.7157012894997874
66.216 2.592126495726496
68.806 2.6062906898861353
71.416 2.7209787382363193
73.92 2.621925703564728
76.721 2.3742611940298506
79.519 2.2693897435897434
82.221 2.311647222997488
84.919 2.524899415564442
87.721 2.4064805608667945
90.422 2.423813798836243
93.108 2.478117491749175
95.718 2.411051409618574
98.321 2.4602167878387307
100.92099999999999 2.5009468317552805
103.72 1.7502822233350026
106.32900000000001 2.570865364228381
109.017 2.6246031933767004
111.917 2.959858024691358
114.61600000000001 2.336161760333036
117.31 2.737166392092257
119.82400000000001 2.4684506015311705
122.62299999999999 2.4707581227436823
