0.024 1.693140861466822
0.925 1.7073251028806584
1.725 1.7134088820826954
2.431 1.7127493112947658
3.234 2.9034285714285715
4.413 3.5901759103641457
6.31 4.0904121964991536
8.116 2.498938438880707
11.112 4.124948004836759
13.308 4.719501767745444
16.113 3.287611268670826
19.015 3.9640857883572944
21.811 4.4433645047762695
24.409 4.139869911303162
26.909999999999997 3.946664698646986
29.506999999999998 4.324425916624812
32.108 2.043908948895336
34.822 1.2704214665741382
37.412000000000006 3.8007041847041845
40.111000000000004 3.795603492552645
42.611999999999995 3.9299349862258954
45.509 4.2811473389355745
48.41 4.469830985915493
51.007999999999996 4.596008993816751
53.608999999999995 4.781175184476633
56.30500000000001 6.146659854014599
59.298 6.6039641626464505
61.804 4.490857956162824
64.411 3.7664119982355535
67.011 3.886222222222222
70.008 5.09971161387632
72.908 4.622764595103578
75.711 4.253480223246784
78.411 3.9140111253744116
81.213 4.483316172899466
84.099 5.386804020100502
86.907 5.150317907444668
89.507 5.113016666666667
92.40700000000001 4.808721126760563
95.00999999999999 4.368692111959287
98.00899999999999 3.4438399346672113
100.513 3.473085850556439
103.113 4.590433747971877
105.906 5.58967758186398
108.9 5.092750149790294
111.809 4.628392480041205
114.31 4.439479343520091
116.91 4.2028512920526575
119.612 3.6831290944123314
