0.053 0.8450947123765253
1.861 0.8490040927694406
3.456 0.8489044006069802
4.86 0.8476182685753237
6.456 0.8414002574002574
8.169 1.29431592039801
10.929 1.9261153948417973
13.818 2.04283554057308
16.521 2.094769419711391
19.321 2.164329188869153
22.319 2.3569128526645766
25.115 1.6710892531876138
27.622 3.011852087475149
30.213 3.49415592077539
32.901 3.0643580419580423
35.622 2.1772877358490565
38.609 3.970016427104723
41.11 3.9740392596747056
44.014 3.7346663863779694
46.817 2.632565151052792
49.415 4.519020769869842
52.11 4.037975881261596
55.013999999999996 4.716573248407643
57.908 4.477710843373494
60.607 6.460236336779912
63.409000000000006 6.2632383785793975
66.398 7.838324744376278
68.906 7.904
71.505 8.14349642346209
74.206 8.147350588235295
76.905 6.487161933998466
79.607 6.428288814066592
82.406 4.444369168356998
84.912 4.097220156774916
87.911 4.035474535519126
90.802 4.020530707923113
93.611 4.6455680580762255
96.509 5.4852286079182635
99.208 5.78480515079634
102.207 6.240988731370411
105.008 6.054532663316583
107.91 4.3571598105210665
110.513 4.357141683778234
113.511 4.969993281075028
116.40100000000001 5.413885350318471
119.11099999999999 5.553784919653894
121.90799999999999 6.06225656877898
124.607 6.498339992461364
127.30600000000001 6.49448697621744
