0.012 3.6634962216624687
0.518 3.5946294117647057
1.917 4.340029666254635
3.607 4.3257288528389335
5.406 5.933029761904762
6.807 4.786007468259895
8.207 4.791084656084656
9.807 4.8479405714285715
11.612 4.699557587882252
14.212 4.292260202819688
16.818 3.7702029488291413
19.509 4.273276422764227
22.01 5.1653138515488015
25.007 7.600420876826723
28.006 5.7154228713929465
30.911 5.437279444269024
33.896 7.283304970178927
36.507 7.4755426497277675
39.307 5.1855831873905425
41.81 4.9381316542644536
44.41 4.690481172750791
47.013 4.261319627998042
49.709 4.140738117427772
52.608999999999995 4.339861995753716
55.413 4.28362389813908
58.301 4.732185445349817
60.909000000000006 5.144886979865771
63.708 5.512363382250174
66.609 5.185822046765867
69.507 5.114658788774003
72.008 4.976609949955843
74.512 4.628991379310345
77.315 4.025859439595774
80.208 4.575809904952476
82.999 4.908879553310291
85.808 4.486420088935391
88.712 4.568187983343248
91.607 4.959508083140878
94.112 4.990049693072201
97.111 4.5637852206273255
99.913 4.538048964218456
102.713 4.561881493082746
105.612 4.609129513983166
108.6 4.650986638721509
111.512 4.8157507082152975
114.113 5.078284261090704
116.71000000000001 5.561545551222971
119.61099999999999 4.094062218000475
122.411 4.344418181818181
