0.019 2.400013201320132
0.725 2.718839781628293
3.518 4.084357927786499
6.113 3.272060263653484
8.911 4.605341673182173
11.518 3.353305263157895
14.311 3.331500899820036
17.214 3.514786058981233
20.014 3.805166759620747
22.908 3.300724153498871
25.712 3.198022968949383
28.608 6.714935041171088
29.808 6.691526501766784
31.009 6.769433990330978
33.806 7.553291902071564
36.01 6.198655147588194
38.907 5.362269320843091
41.409 5.625160805735746
43.909 4.955594979079498
46.613 3.6073242734685347
49.514 3.481583955621933
52.503 3.6725905927019618
55.314 3.536725970149254
57.912000000000006 3.072064625211347
60.81100000000001 4.572483010977522
63.709 4.53958167115903
66.513 4.099401925133689
69.313 3.7500318516757782
72.113 3.645796754910333
74.913 5.348507877664504
77.898 7.483640548915449
80.707 7.660640213999109
83.508 7.343356514453289
86.506 7.895592576607682
89.408 4.6364379708689105
92.012 3.828478571428571
94.61 4.370588503130336
97.212 4.48674223034735
100.113 3.2503731911652705
103.101 3.531254627725216
106.035 4.576214867064568
108.81299999999999 3.330773394320564
111.61500000000001 3.6983494553376906
114.311 3.6178553087426124
117.31 6.690121999212908
119.91 7.100769656262347
122.507 7.000946006247211
125.30799999999999 6.203704929830875
127.9 5.185019891500904
