0.019 2.5560773286467486
0.716 2.593
1.314 2.57208275862069
1.821 2.540564784053156
3.115 2.542461776061776
4.519 3.041511153298529
6.717 2.4465113137453565
9.716 2.8807796264855687
12.713 2.8007651888341543
15.212 3.0513789649415695
17.713 2.915297402093835
20.411 2.2548153609831028
23.213 3.1548554768846317
25.718 3.215511040452217
28.414 3.3010683127572014
31.310000000000002 3.2144603322755274
34.213 3.267483410631466
36.916 3.3018228456913827
39.51 3.294845697329377
42.013 3.283317221693625
44.814 3.266903703703704
47.604 3.32348768849017
50.411 3.2941701575532902
52.913 3.3169574036511156
55.414 3.348836140888208
58.215 3.379182985553772
60.818 3.3682031438935915
63.513000000000005 3.367893392559689
66.412 3.2754141414141413
68.916 3.2338392709196353
71.912 3.3131493598862023
74.613 3.344557161629435
77.516 3.3430103871576957
80.212 3.343815906338312
82.812 3.291548582635051
85.516 3.318804953560371
88.314 3.3496724100327158
91.01499999999999 3.2842164022175493
93.81299999999999 3.387095238095238
96.40799999999999 3.3363699961134863
99.118 3.288095126705653
101.81299999999999 3.28877832141513
104.406 3.335709176655531
107.11699999999999 3.3570771219302022
110.00999999999999 3.2522051716829163
112.91399999999999 3.0334023166023165
115.61699999999999 3.0387928669410154
118.41399999999999 3.2273403241182077
121.112 3.322330097087379
