0.028 1.3294405850091406
1.232 1.341206896551724
2.234 1.3383444976076555
3.133 1.341376483279396
4.133 1.330148524923703
5.244 1.3211570762052878
7.245 1.2330417021276596
9.754 1.2304417693981144
12.731000000000002 1.1698669410150893
15.643999999999998 1.08747642421538
18.439999999999998 0.7239969254419677
21.159 0.5683275705186533
23.939999999999998 1.1744
26.637 1.1694373983739839
29.439999999999998 1.3338190476190475
32.331 1.0743351668500183
35.175 0.6942395382395382
37.981 0.8450461538461539
40.932 1.0891335630599588
43.855000000000004 1.2041648068669528
46.542 0.6965035891772501
49.474000000000004 0.6967417218543046
51.974999999999994 0.8725322687957419
54.718999999999994 1.0111764705882353
57.547 0.9945506044905008
60.215 0.9745166061583972
62.732 1.4034205637933843
65.437 1.1008304900181487
68.041 1.0778925207756234
71.021 0.9638092158447857
73.852 0.8825283812193413
76.847 1.0605252525252524
79.826 1.1963898099474322
82.447 1.5842293144208037
85.124 1.6426752051230737
87.726 2.194575995350189
90.716 2.1874328582145535
93.423 1.8084527938342967
96.12899999999999 1.341945726416836
99.12100000000001 2.0905970233080597
101.826 2.1569095477386937
104.618 2.058759728847602
107.219 2.029785284855425
110.011 2.0940005374899218
112.81700000000001 1.9516540320529128
115.32400000000001 2.0374771784232366
118.21700000000001 2.06906600249066
121.02199999999999 2.021785607644073
123.922 2.0499786050492084
