0.05 0.8825291262135923
1.875 0.9069936920222634
4.83 1.8616169519152403
7.824 2.35419151977132
10.522 2.5502890625
13.122 3.0899054966248793
15.809000000000001 6.250319240724762
17.506 6.506055214723926
18.906 6.6757964774951075
20.011 4.827151043115438
22.712 3.5551371907585363
25.705 13.16088888888889
28.604 11.123791063561988
31.305 5.5906044226044225
34.11 3.899657754010695
36.814 3.900308946772367
39.813 2.6682464675892206
42.401 5.3217364341085265
45.109 7.631360824742268
48.006 10.750051090342678
50.708 7.301200894854587
53.505 5.3003811263318115
56.408 8.548363636363636
59.108000000000004 8.552615062761506
62.105999999999995 7.457084398976982
65.006 6.712573933838183
67.8 6.710330532212885
70.709 6.913402278702892
73.608 7.263680136112293
76.506 7.317464074387152
79.406 6.542393188854489
82.116 3.2177558052434456
85.014 3.2215754456901307
87.519 2.27199304520616
90.128 1.1135281061519904
92.898 0.5905635410964261
95.738 1.5243394658753708
98.53299999999999 1.6252588744588745
101.22300000000001 1.9583297413793102
104.018 2.355891139240506
106.71600000000001 1.7709128416709643
109.232 1.376076522906528
111.82 2.376018766756032
114.606 2.8847745279526102
117.412 5.452702203269368
120.40899999999999 6.445046759639048
123.21000000000001 6.329371428571428
125.81 5.1325084846680555
128.709 2.5767836441249155
