0.011 4.447730886850153
0.411 4.383131868131868
1.207 4.398896551724138
1.913 4.380716312056737
3.108 4.384138482023968
3.907 4.3743781569965865
5.409 4.958425739729963
8.011 4.994922573609597
10.812 4.905653937947494
13.707999999999998 4.734954433833561
16.408 4.952485331814298
19.007 4.854146031746032
21.511 4.859968105581523
24.209 3.741625488180884
26.798000000000002 4.7890125373134325
29.71 4.755554819110743
32.412 4.639694022289768
35.409 4.641153802816902
38.015 4.315231479232451
40.712 4.734860592755214
43.41 4.670344590726961
46.008 4.786078064870808
48.709999999999994 4.753155389141481
51.70099999999999 4.808174066451043
54.211 4.882590008372872
56.916 4.624340472267984
59.611999999999995 4.670900316841336
62.31100000000001 4.8054779165397505
65.21 4.799581787521079
67.811 4.849613445378152
70.512 4.793179472639637
73.11 4.676868807838868
76.1 4.755450895279436
78.91 4.7827681045751635
81.811 4.7743201448151025
84.808 4.792283878178262
87.511 4.777060031104199
90.309 4.679851811495505
93.112 4.484097714736013
96.012 4.633997300944669
98.81 4.622616607289668
101.69999999999999 4.648023404255319
104.511 4.716705751597666
107.21100000000001 4.770979844127923
110.00899999999999 4.759126539753639
112.71000000000001 4.760807417218543
115.613 4.80671568627451
118.40700000000001 4.786256524153249
121.112 4.617256038647343
