0.013 3.224851441241685
0.517 3.2328311688311686
1.015 3.243060869565217
1.419 3.1829760665972944
2.413 3.181147826086957
3.519 3.172506930693069
5.609 2.3436169524425754
8.315 4.6008112798264635
10.705 6.494372827804107
13.304 2.7123488590184435
15.846 2.9764080794248544
18.812 4.893691009601397
21.806 5.26375938058368
24.707 4.931727986995394
27.509 4.559020176186416
30.107999999999997 4.553110523532522
32.701 4.549804272230502
35.309 4.710147512864494
37.907 5.43296880733945
40.707 5.435989918084436
43.408 2.879002117148906
46.114000000000004 2.7611405011100536
49.015 4.771019597315436
51.80500000000001 7.5322892676186095
54.504000000000005 7.097087221095335
57.199 6.203258931860037
60.004000000000005 6.022848522941547
62.80800000000001 4.092447211413749
65.71 3.984347176854876
68.612 3.839680638722555
71.211 3.7601298932384344
73.811 3.9811899907321595
76.709 4.415262468513854
79.708 4.564393213572854
82.5 5.521021531100478
85.407 5.525639175257732
88.107 5.648491357116587
90.906 5.664271678206396
93.506 5.255837438423645
96.309 4.815977559607293
98.90899999999999 4.494518518518518
101.714 3.5783308763308765
104.71199999999999 3.577539304531085
107.69800000000001 6.096434065934066
110.20599999999999 6.101794687724336
113.10499999999999 5.574456575682382
115.90700000000001 5.462785515320334
118.80699999999999 5.918330243734982
121.80600000000001 6.770521841794569
