0.011 4.051275766016713
0.412 4.080786885245901
0.814 4.00928
1.613 3.993263707571802
2.407 3.9908945454545455
3.312 3.977941651148355
5.008 3.9542139737991264
6.913 3.6058602637276125
9.611 3.1732443072172907
12.408000000000001 3.6266683385579936
15.309999999999999 3.6476140130060837
18.107 3.698244503078276
20.713 3.6265293393516616
23.711 3.8049765886287625
26.61 3.866761147264401
29.500999999999998 3.3850725378415567
32.209 3.786174452252997
35.11 3.238862984077059
37.818 2.8679932697700505
40.716 3.5926300437530387
43.313 3.8163895131086143
46.208 3.647204021784667
49.11 3.7040533555648185
52.012 3.528830384117393
54.900999999999996 3.6806900904691773
57.715 3.1223299962921764
60.712999999999994 3.548740008240626
63.400999999999996 3.2983012506797174
66.311 3.3836452173913045
69.213 3.7877185832120333
71.813 3.633609984399376
74.314 3.6534086124401917
77.01 3.676298657718121
80.005 2.429493758300133
82.628 1.4570512193197065
85.43299999999999 2.2663673469387753
88.007 2.356240808080808
90.51599999999999 3.1066181216383946
93.01599999999999 3.468187022900763
95.714 3.918218947368421
98.71000000000001 3.5974855945521216
101.21600000000001 3.6159786919206867
104.21100000000001 3.9301773835920177
107.11099999999999 3.3597305071915216
110.013 3.7198249452954046
112.71100000000001 3.5060569644947326
115.417 3.4973517610343294
118.01400000000001 1.435717521652232
120.65199999999999 1.7869451697127938
