0.014 3.0363423799582465
0.614 3.0431295843520783
1.12 2.9888136315228966
2.111 2.9842341463414632
3.22 2.975370149253731
6.018 2.982067938576082
8.218 2.97744348540896
10.718 2.8652131036811888
13.219 2.776827024827025
16.215 2.623288123430212
19.119 2.6115151094129905
22.116 2.599866808359901
24.71 2.5994536719286208
27.22 2.5750409937888197
30.016 2.576655429243434
32.616 2.5768876482903003
35.521 2.519085342019544
38.222 2.503785159010601
41.118 2.5261074168797952
43.821 2.632718204488778
46.717 2.634958256372368
49.526 2.6042105892910556
52.323 2.5682150289017343
55.31999999999999 2.510763089206203
57.92 2.68112183908046
60.519000000000005 2.581126130268199
63.120999999999995 2.389316045380875
65.72 2.241528455284553
68.52 2.248594047963017
71.02 2.3471100420926034
73.921 2.347138730265368
76.518 2.3487000922792984
79.316 2.6370562383612666
82.118 2.6319135684779154
84.822 2.6275441741357235
87.706 2.6111811894882435
90.216 2.6115969547693685
93.022 2.516319034852547
95.621 2.2498669142680283
98.423 2.250488512696493
101.32 2.250934119960669
103.922 2.2490510148107514
106.619 2.1721936274509805
109.42599999999999 1.8770840761262346
112.316 2.3504754901960783
115.12 2.570007196597972
117.72200000000001 2.6337283867718653
120.22399999999999 2.634891639920526
122.83000000000001 2.3049163987138264
