0.013 3.3511705069124424
0.515 3.3548247978436656
0.915 3.370048192771084
1.319 3.306854054054054
2.312 3.193428914697637
4.912 2.020959949542731
7.617000000000001 2.4514788494077835
10.605 4.820395454545454
12.907 3.6055125376128383
15.52 3.711207869974337
18.309 2.8580170940170944
21.008 3.617899763389976
23.711 3.6205866448176978
26.213 4.29518829636621
29.009 4.488861779518746
31.709000000000003 4.489015641293014
34.609 3.3383473665026426
37.404 3.3311961180752125
39.913 3.8654934725848564
42.607 4.380256917999493
45.108999999999995 4.378369734370807
47.907 4.408038481012658
50.411 4.414318926974665
53.010000000000005 4.412466270912035
55.81 4.00878093492209
58.712 4.01091879018814
61.7 3.740914308022643
64.407 3.580659101225601
66.913 3.5847001381851684
69.612 3.5809577981651377
72.413 4.310568784700802
75.107 4.945352331606218
77.707 4.94041488162345
80.309 4.734494824016563
83.21 4.131191765495637
85.901 4.129926318324102
88.613 3.4920982264665756
91.11699999999999 2.9286968973747016
94.01400000000001 2.9301338825952628
96.91399999999999 3.6717194183062447
99.71199999999999 3.815410088215336
102.213 4.320535970333745
104.80799999999999 4.609129513983166
107.61099999999999 3.8618264085273
110.50399999999999 3.1072198866751966
113.02099999999999 2.8291364782138997
115.91499999999999 3.3412971342383107
118.51499999999999 3.424865958523015
121.113 3.4293486041517536
