0.024 1.9111800262812089
0.924 1.9296744186046513
1.626 1.9290620689655174
2.327 1.8963670179789212
4.022 1.8976876080691643
5.826 1.8826274970622796
8.824 1.887964555642429
11.722 0.7486671373102718
14.643 1.1913833992094862
17.237 1.1978902045209903
19.737 1.2267243243243242
22.421 1.3094171907756813
24.94 1.3080016927634364
27.618 1.4178577291381669
30.534999999999997 1.2240312849162012
33.524 1.871132505700532
36.523 1.6642117495158166
39.229 1.3747986030267751
42.038 1.0053007633587787
44.554 1.1237895377128955
47.416 1.2086692728694293
50.04900000000001 0.9586150341685649
52.955 0.9671209439528023
55.95 0.9484137931034483
58.45099999999999 0.947424810793024
61.131 1.5168438677270824
64.028 1.1152132590962063
66.85 1.0598595142407827
69.661 0.805295410471881
72.628 0.7890350761085374
75.262 0.779794427244582
77.969 0.42795652173913046
80.647 0.35537141092929914
83.147 0.5582650439486139
85.651 0.9714514078110807
88.548 0.8432774647887323
91.376 0.7440848056537102
93.97200000000001 1.0454035827186512
96.721 1.044372850678733
99.44300000000001 0.9525876257238647
102.35900000000001 0.8845209599999999
105.06700000000001 0.7357155555555555
107.67099999999999 1.2361893687707641
110.626 1.618565849605318
113.52600000000001 1.460489624976204
116.33500000000001 0.8116231404958678
119.14099999999999 1.5752168760369758
121.93100000000001 1.605634337206545
124.732 1.355631013016412
