0.012 3.0554789915966385
0.616 3.065615763546798
1.113 3.07378021978022
1.521 3.0166074950690334
2.614 3.0069038572251006
4.414 3.007256687001408
6.615 1.9669074124355146
9.422 2.0637061542203843
12.123 1.9349585933068634
14.718 2.4378472824274757
17.314 2.3687939508506615
20.117 2.911314557715192
22.711 2.912267589388697
25.603 3.1866379707916987
28.313000000000002 3.5879082969432314
31.216 3.639793701120271
34.011 3.8409544977982804
36.814 3.0115328093584353
39.415 3.042611406062682
42.311 2.968145879924308
45.211 3.0168578295433535
47.715 3.2970558606324563
50.611000000000004 3.8096565916398712
53.501999999999995 2.9045470692717585
56.212999999999994 2.8930577145692076
58.816 3.0945687446626815
61.712999999999994 3.624912457912458
64.712 3.625568439928273
67.412 3.05071893375147
70.011 2.0250293125810637
72.918 1.9964091428571429
75.525 1.9189806484041216
78.113 2.9185886232481453
80.805 3.438203403902034
83.315 3.2482975860704393
85.909 3.6011139723414405
88.611 3.559269524913094
91.517 3.2280601277715144
94.41499999999999 3.4121447131720966
97.01400000000001 2.8648356415818452
99.612 3.4664874640361694
102.511 3.162035100416139
105.11099999999999 3.082517523152352
107.72 2.8018964646464646
110.61600000000001 3.1085705024311183
113.613 3.1189011512504963
116.21600000000001 3.1318755890669183
118.91300000000001 3.1073703533731067
121.71700000000001 3.0111879321181645
