0.056 0.8446039488966318
1.956 0.8513269493844049
3.547 0.8450574018126888
4.957 0.8499357484620642
6.549 0.8408591639871382
8.248 0.8497157275021026
9.552 0.8440192704748796
11.149 0.843415403274712
12.95 1.0724086765168186
15.943999999999999 1.3709176823551472
18.929 1.1228422939068101
21.735 1.258906346483705
24.625 1.1964631179908387
27.540999999999997 1.135286503551697
30.436 1.14444126659857
33.043 1.309661153330353
35.935 1.3396462289744981
38.727 1.4072913604766635
41.328 1.5496497352422043
44.022 1.4724128312412832
46.629000000000005 1.3150501474926255
49.132999999999996 1.3766615024319941
51.828 1.2236068889240008
54.738 1.001477956613016
57.643 1.0028645071403692
60.144000000000005 0.763486670799752
62.891999999999996 0.5373737075332349
65.781 0.5737032258064516
68.464 0.635297104323681
71.175 0.6504266230223678
73.677 0.6471572456320657
76.274 0.6359939424533064
78.869 0.662283084004603
81.764 0.6890665553932819
84.661 0.6897472055030095
87.47 0.6540957990472066
90.178 0.6714795918367347
92.87299999999999 0.6294974619289341
95.58500000000001 0.6169213208316348
98.185 0.624312174817898
100.78200000000001 0.6017290699217196
103.481 0.5978097876269621
106.28899999999999 0.5923868656716418
108.977 0.5975275249241438
111.63 0.7737116386797915
114.46100000000001 0.8094260429835651
117.162 0.7966160103531151
120.161 0.8798515406162466
123.143 0.940478994895956
